-152.63859869109942 -58.821769745642655 6
-222.61687390838512 -85.12001517787039 1
-61.90458563307118 -246.56498524171403 3
211.14722512098717 -41.25160389149417 5
229.0607782291554 -123.07236348924414 6
249.5868415407939 -179.7418455805165 5
-177.00319396284976 127.01337840377181 3
-179.1661136276672 179.237055246752 9
-251.6069221507321 123.61815464261292 4
-40.22895951680687 77.1970339100335 1
-135.05532425715063 183.4483601178062 4
13.16279321305467 278.2316929148616 5
207.20222222347684 255.04438347258508 3
155.87239357981656 48.31072803933739 8
