-235.3963738706599 -246.94883903477387 5
-232.9557367645433 -246.27171361396557 10
-246.86629910990285 -231.69724919357958 1
-245.4686306862733 -231.8268258085746 4
-245.5940681637337 -249.98336840903949 10
-217.55284533044363 -224.54484563966952 5
-222.24057266621628 -239.86063297221494 3
-213.26168263263008 -240.06702951404395 6
-210.66317859212052 -228.20618160297545 4
-239.2742990346648 -207.87222920189345 2
-245.8948773411796 -212.20828671447305 2
-207.54749674417025 -220.71225361056332 8
-210.85638202994062 -210.5201743077148 4
-214.61116358330082 -213.5078898149917 9
-213.898971421005 -222.11860682064741 10
-170.46937660620767 -239.81414332314688 10
-164.56096619663674 -230.26315155114537 3
-156.01407633621915 -239.80484212800036 9
-150.86378669902098 -235.71753780301765 3
-145.7660714706778 -246.53507929005247 2
-152.4807383193255 -205.62657852132463 3
-132.87476489060225 -219.63668103502914 5
-142.69990367467284 -205.67630812297494 10
-234.78241309197136 -133.49220559903716 5
-227.4011366231531 -151.69160663788028 6
-245.60996929119375 -156.77988039044135 2
-244.34751019540795 -146.78736449305103 9
-230.2442553314737 -137.4463321713735 4
-203.62542886938877 -145.6283739767046 6
-203.04228940368722 -145.22219107155775 3
-212.99115360664894 -129.12764544065794 2
-214.8735063579802 -144.9180283493813 3
-219.39390905806943 -147.6084019919948 7
-140.52199557069224 -185.19997043944653 10
-156.57385306420372 -177.5779706187917 9
-137.38673550452074 -173.05507030809417 3
-146.1454014660477 -165.55094280248528 9
-186.16317052194677 -132.3348716376134 8
-174.95767419167436 -131.86876530144588 2
-166.25487216066472 -153.9839765722727 4
-87.33129350537871 -252.15423297610386 9
-69.44747923792653 -232.7089455593857 1
-67.78290361668968 -234.11099312848592 7
-81.27006265199793 -240.10176224686006 9
-90.76495573996476 -228.58511350832288 3
-113.91051728641884 -220.46655344357708 4
-117.0920309323767 -199.66980151593452 9
-102.89229364987551 -196.65433993172923 10
-86.65851784096509 -198.1386384235425 5
-86.16753811510642 -196.18176563291814 2
-68.6961305578829 -219.50748465105391 10
-78.55570608649458 -221.08143313783114 5
-71.59664644564691 -217.11584051135657 7
-43.6005309218595 -242.52865163486365 5
-50.309048376087844 -229.6617964227391 9
-56.01203216834432 -253.80719310046908 3
-52.338973934841476 -232.731839855558 6
-52.5800929696091 -248.077766153941 4
-23.840508126269413 -227.05147294320187 6
-17.26727637908732 -254.16820090806135 5
-1.9462703577214597 -251.47882086556 5
-28.90274024627007 -251.73685572334585 4
-25.321537226244857 -241.77318189374233 4
-40.72160664664386 -215.80909130050833 1
-48.47477144159228 -211.20918789094122 2
-33.636070174399265 -219.77193823291935 6
-20.14484559058485 -215.3140319205126 7
-25.820682025938083 -199.7681317676845 3
-91.96586395380791 -161.15636346975214 10
-75.51314365520687 -187.186773082328 1
-117.14545382742955 -150.91163199309955 1
-111.79023797948992 -156.57696878439384 2
-121.76725086517939 -146.10708127254713 5
-81.56729941229929 -156.82953021625076 9
-92.92635161477256 -145.04400961983265 10
-84.54413153344558 -151.21550204551409 4
-79.7072904605144 -148.42242557605482 1
-57.728190591103896 -161.1507548192235 6
-60.52534200811584 -163.176517089164 2
-31.51660738090527 -182.03488875646514 1
-4.797099345975539 -178.2053801460131 7
-23.59277716559029 -178.91496764386682 6
-29.4881029478355 -188.0944825785121 5
-25.058333590394 -175.59748712270948 7
-51.81831495562403 -128.19340916400074 4
-40.981123860949424 -138.1058180127314 5
-10.258409599634945 -143.59710182040908 3
-8.775624117394784 -142.25467993070748 2
-24.839526503869763 -145.81261906699075 7
-227.16856710513161 -119.05688717245971 1
-229.38782823682203 -106.42304181309203 3
-237.41779640882112 -107.80114284924042 1
-253.55881372976313 -110.57980489729727 9
-205.03174311899727 -124.51543406946098 2
-223.79431983155087 -96.75281286678478 7
-223.5387813178748 -97.31189658783308 10
-207.07493417491344 -91.81790652258877 3
-223.66327599944776 -64.7842121479377 8
-130.2681534958972 -115.52844044589307 3
-133.1761183835253 -115.39855354434366 5
-145.6642766812398 -106.94069949528415 6
-145.01016970410484 -98.45510942314439 5
-163.4956686914946 -65.39369139913288 10
-189.63056332993227 -83.55751810001152 2
-175.62043242387097 -85.96728841638856 10
-187.43451013972458 -66.03892590221392 9
-146.55948851798223 -71.94110962612086 6
-158.89110243967923 -87.176157422691 5
-154.96059197609515 -87.6717959403814 1
-152.31916844005275 -68.27368213594883 2
-159.8537585004579 -67.79753164306788 1
-226.7267958385969 -38.9740852519127 7
-236.09341726915187 -54.87852162122397 9
-230.661185159272 -54.366525437083965 6
-228.2155182210155 -45.36572697826966 5
-250.94825126913526 -45.49839007616259 10
-200.60490613821383 -42.735747620484915 10
-219.3367760896458 -34.71219139710206 7
-221.67459681149796 -59.29089781438097 9
-235.53370228368271 -30.20224463445635 9
-226.97255831316312 -1.2392305562747765 6
-255.01530706451973 -5.771168239631038 10
-166.22388526466216 -31.071581090662505 4
-168.349777824137 -30.10672706613724 4
-183.11592083989478 -9.975799291544433 3
-130.51689344684115 -26.634063441716535 2
-149.3855738211629 -19.262027916394572 6
-159.6225925546923 -5.761197979967733 1
-149.1449088661733 -21.29323659569394 3
-134.56957340227677 -29.141267989651226 5
-84.66333601263466 -119.72123090612507 8
-83.28561315644316 -127.3606989086839 9
-84.83340555097413 -115.12300148104737 10
-80.23054825596444 -125.5641293895934 10
-110.89322593586752 -71.44003248279881 8
-117.72247947006178 -65.28451966694439 10
-112.77785323009851 -66.84960782135681 2
-121.62521500534194 -68.66322419015057 10
-83.40797258495667 -75.09089427376324 10
-82.33174925709613 -82.1578776244088 10
-91.45815530455877 -65.92787681976176 2
-52.10836652551512 -119.7057210835768 5
-56.72488965716684 -115.02286338760098 7
-45.335986035441294 -124.48657631761694 4
-61.13448048708369 -110.37509185721802 9
-19.335067730357878 -125.80684002473373 5
-7.974462236935381 -68.39655938265616 2
-11.55842597239132 -93.62867931240311 5
-14.860137225422307 -80.25619158175198 5
-5.773971190651594 -82.03996901901598 9
-97.86673704353353 -42.62417726554361 2
-98.59764994460323 -45.844605497893724 10
-122.78465058829471 -39.5194616669167 3
-123.1722412553438 -37.50993257132433 8
-102.56817241296835 -61.28727860793481 4
-66.00122906581515 -63.865107194073744 6
-78.93311532576934 -56.59994099454582 10
-111.69175400999103 -26.844072414321374 6
-29.90386549108308 -52.10049898415508 7
-22.955882019401486 -48.112653489634226 8
-58.00554381357563 -28.16895264143062 1
-37.825490265914596 -5.772195742802069 8
-57.19898034494685 -16.695916969191728 9
-62.70005449850697 -4.593167270612753 1
-29.246701268691425 -14.45681656060026 1
-27.441996652589978 -5.284948220265505 5
-13.242274553375523 -1.0434694381397662 7
1.5451602410257124 -230.85454179889558 10
27.314223362321457 -247.76491785849828 7
10.188052796579768 -234.08999841263812 4
20.85577374981557 -242.89643864651532 10
59.95922424507637 -244.891932214547 7
49.41154031083772 -245.81823121307633 3
43.25972696763762 -245.30636048981802 8
52.299752349583514 -234.70162953703556 7
11.586721487541809 -213.38291090110778 10
6.761642116048847 -221.93934312543507 6
14.380028203677 -208.62152992418248 9
26.567983227663774 -209.25765629146304 7
9.054915326587775 -207.246526918107 7
58.137275756950885 -208.4746029922577 3
60.96179676577708 -219.4135137053358 10
53.51074682321814 -195.9363158861771 2
52.21871016742921 -220.29586031162864 5
86.47456311643685 -249.93148625254685 1
91.29658757455667 -224.10364257349926 10
78.381250816055 -254.64470602385268 3
125.53142453669619 -225.8091205548235 7
98.8266834207518 -239.3142133914543 7
103.59373995096837 -230.39786703162048 10
64.65901957675266 -208.5344948507846 9
68.08269340463443 -203.07387015515252 2
73.46935549957686 -201.9071369524554 3
90.0434860292155 -215.772216016429 6
77.81507131522994 -216.6345270820152 2
106.86378094373362 -219.2463988225408 3
120.95967657983334 -222.14718293630597 2
116.38215060564528 -218.68297242900405 6
126.99269500033802 -205.42709061191255 3
26.176921796768568 -161.65166413296902 1
17.401663989769474 -183.67324036376328 9
29.58030578123197 -179.1765196870951 8
45.880579630347086 -163.2556972230637 7
51.82483003283005 -165.143082115357 6
37.78442155208268 -179.79544696959795 6
28.222964623031714 -130.6299496461333 2
23.229834594221245 -146.85608320551603 7
20.903210910567907 -135.50082485721992 4
22.112078667937396 -145.99431386486015 5
55.86786295432586 -138.29370385163253 5
52.672925048291575 -138.97194125432333 7
33.64973722734942 -143.96627862571484 2
56.16109301129353 -131.2306615750078 8
51.31647820273156 -144.1067586389384 3
85.13019334080167 -163.20375898687598 8
94.92671986383357 -170.42557551119694 8
70.54991585480906 -161.16863722014193 5
124.9035696115015 -182.72147270165618 10
125.57635438126613 -161.3397968801297 1
116.15819588240043 -164.3930250155322 9
123.90111745125625 -188.40765859261353 8
123.86885061330025 -179.62786103770776 8
77.53731586974214 -130.79165597027253 7
77.85936495850257 -131.80934352317587 9
74.4239499922661 -152.74600072301104 6
88.76978153197086 -135.5265667213709 3
102.43997472987553 -154.0334451701848 2
103.60060203465065 -138.6170305707351 2
135.1344004507141 -239.45866926112228 4
159.0052428109629 -254.92835363926264 8
130.51804612566707 -232.32741652491563 10
157.95584707604183 -218.11721254452334 5
133.76087719256174 -223.177646854126 10
137.25137944555547 -194.00601398949715 8
158.41918334180752 -208.7535883582264 7
147.8251581999528 -223.93675916245542 1
174.67867215942556 -223.03809753845667 2
188.0040088998315 -220.22019949741969 1
170.70651637157903 -217.32295642425368 10
181.76418021231558 -222.53530980230886 7
245.53928511724388 -229.1002973287812 6
236.12286910840328 -255.68519943876214 2
243.42362179638417 -226.89735014986883 9
214.011801804765 -199.46873494238184 7
223.43868838573354 -203.89159675867506 4
206.8921570938233 -222.51332040290265 10
216.20602217266105 -220.22585814901942 7
221.10209521754695 -201.2976770155455 5
234.3485497635457 -209.92260498436832 3
179.53931361030635 -181.012512717876 6
188.7595755743547 -187.75441673175118 9
178.68618003219143 -133.6704737552716 2
165.73134507964045 -145.73614876255027 7
167.33548680177853 -153.87677047411574 2
184.2303575885424 -147.41134177040288 9
183.8143089213957 -150.97479119802068 9
222.15179671881822 -187.5985007660064 7
222.04530271638578 -184.7294548208688 4
255.29933247273323 -172.23264982190165 7
241.13309883541143 -165.888365806788 4
227.54034970914125 -172.7044942076808 2
221.84076874001585 -153.93232205924124 1
222.9949987210186 -157.31831054442074 5
206.32925685018398 -128.49170354595861 5
208.1987498182769 -137.58207776446312 10
17.401248990669785 -117.8821351198614 7
15.220789751007146 -106.27541689794003 2
47.22067064391672 -101.07277927806973 8
57.49312983270033 -121.68169051743763 5
57.834637899810616 -120.99212851964165 6
34.14005353868362 -121.64336361721047 4
1.08450601336898 -66.00603239086342 4
18.246478376421692 -84.74656413974014 3
62.72480354112321 -95.35064458931856 5
58.799040040905936 -72.4089828624609 4
37.977970566372335 -83.90290602610776 4
89.67066945389791 -114.56804158676135 1
77.82100707620788 -115.79992638606495 1
72.15505878895522 -123.78546051386638 9
74.80036598134711 -107.12573749178586 2
78.7972427805966 -126.57350747466052 2
107.67344430642112 -117.70002058372313 9
124.24726245467355 -103.03601112972672 6
103.85166668649174 -73.17539983786492 4
110.87384430500822 -76.69461653518749 1
16.38938590382287 -50.82141632197869 8
26.51823312954872 -39.90669371738949 1
17.72252278144225 -58.33156377013597 4
4.387087624900005 -50.66132708954058 3
50.99705190998952 -37.50107647153868 8
61.63545572657131 -37.44503526172468 10
24.70192884474278 -9.376321745635153 4
5.332070410939366 -26.780807786721937 7
53.835397422826475 -14.292573106996372 4
54.4144534313109 -3.6783627258797083 5
46.45977723731386 -11.525626961500677 7
48.44115227733022 -21.963861142974622 6
47.36396688747277 -22.51183454691119 3
83.41337412334008 -36.93435991112341 3
81.28237847666071 -33.00296311085111 6
121.87179451276796 -53.8193305175256 5
113.11994839138458 -43.578411354992284 5
96.1066219083715 -37.420113624948556 2
71.41854777913409 -16.02059943335894 2
75.81338640362299 -10.68246124466367 4
68.2558152759459 -21.085372172719303 2
99.34715810551126 -21.417206312309816 9
113.53111639080953 -14.796476944326912 10
106.21983129869307 -11.567393317006236 10
112.4500524939175 -12.768491834152371 5
189.40218730608848 -100.9003601973609 7
162.17497352107034 -109.68489747438878 9
181.59732721723077 -105.58388494961662 2
162.14458584679204 -120.4576240236853 3
158.96953651330602 -81.68670074811172 3
174.73804934122074 -92.0580091081739 10
162.77381597622178 -91.27675976158758 10
190.6184194783733 -88.3299800453994 8
208.9598010248796 -114.60635999432373 1
194.27794455089156 -120.35368533722954 6
213.24149277322135 -106.22285028329355 10
193.26063707688422 -115.51317562943154 2
227.93036253610717 -111.73880259000919 2
255.84242697955858 -121.44756051589201 5
203.5192877759594 -73.77027127102969 9
193.86500015425355 -75.20418049980776 8
208.03148311997256 -72.54701800047167 1
155.1081970865643 -14.561004860145317 4
140.99933203111016 -9.586552608696365 2
136.54553630021837 -23.89649808592958 8
172.26069116312203 -7.619658492890835 5
160.5571663797778 -20.079275474059102 6
161.88921814123665 -1.627914090816148 7
173.1072824303867 -15.752494751705285 10
254.058052322092 -38.524423104710536 3
196.38624587574918 -3.2525744883070047 2
195.79125272209768 -26.653024488624908 2
198.14118904809226 -20.671584407327828 2
208.10235530872973 -17.88608474290004 5
254.47076286372277 -13.30773645217522 4
247.80959590287432 -19.413487915947087 10
231.4430396385102 -15.606216816575227 4
249.38199981758072 -14.15692189498725 1
-237.36011859870848 3.382700102128979 6
-243.6481219621137 1.4912587460506757 10
-232.0094799541833 29.114108212586018 5
-233.77433034011585 14.403225381829543 3
-234.97741106639154 18.222895503331983 7
-193.4958533354175 7.786647344787127 10
-221.7267727400535 5.836305215534196 1
-197.35894084207843 10.275788690245463 3
-183.37758370334825 0.6539240898793537 7
-175.5868763559073 1.7215755459993147 10
-182.61151677901148 40.072249265449614 7
-186.01040663358606 57.86489859467747 2
-170.1118846557045 55.547605665561036 1
-158.06102190461604 39.187547945966685 10
-156.11375650801784 38.39595760619977 9
-137.64757425198871 50.446635037947885 5
-138.13596593668916 56.78599541591262 6
-158.3197098627512 43.71621621895321 1
-226.68696781181256 68.26446326649108 1
-230.93082876015097 89.65085375757133 4
-237.89404828722058 85.2826215232858 9
-221.1493532807762 70.4046628791412 10
-200.45446831144653 84.97594107257112 7
-198.32004212052277 85.54242617427235 10
-237.38475353978458 96.7230199268642 2
-254.87446494136674 99.98982426472725 10
-243.93341430253633 103.4946136255528 7
-242.68284289631958 127.66962760283576 8
-230.33667372255496 117.54223849458339 6
-133.836993516081 68.18870729313079 5
-137.16334313487448 70.99370824895686 9
-131.77388325490045 64.56219214367559 9
-132.18598815783747 73.79681728893559 3
-154.79641368002717 80.6853814370001 6
-177.15592669020373 110.49829795227458 3
-186.77502556848765 126.90478885062578 7
-166.59422000113403 98.71096815822875 10
-185.4274914949675 97.0889701488021 8
-148.5069052672008 99.98245744088797 7
-128.73527298288764 108.85268159306662 9
-103.97114824648139 28.128877318363777 2
-106.42241453486548 13.833037965466417 3
-127.4110015700465 31.384191464411742 9
-109.1622824214507 8.618123407675796 6
-76.78118318729065 19.49952658548409 1
-95.1622137094551 29.90361671479485 7
-73.14622011171537 5.89484985796463 4
-71.12562675801667 12.801171804657656 1
-73.50978049393564 19.586081688382365 7
-116.1039055317193 58.05425283787474 5
-100.1246027623913 43.337233967060115 7
-126.9910650073952 57.6930674557679 6
-123.45282944414095 41.127857167411435 2
-83.4057308155119 37.4432186868753 3
-72.20890494619601 37.38817364630876 8
-69.46437994642122 47.55150987404238 3
-80.91306664670134 61.037673563995554 4
-39.868410456161826 44.20517776486321 3
-38.83864835455563 63.16172082916239 6
-41.30966094790176 58.47332633097545 1
-46.80695194495388 33.58052825394259 4
-36.85498318782692 62.82995674821046 10
-117.5223538147942 77.63042351162295 4
-110.11843498018777 69.6375808604198 7
-117.21284719967576 71.58994964298995 9
-123.16802424968807 80.63849111623296 7
-82.62162457770233 80.51896994815235 7
-67.32733517472218 71.54869035444528 5
-99.83809029485172 123.83140136043187 3
-93.7165318787919 97.78877344415423 7
-67.20788351259648 104.07064661349727 4
-68.39252952765031 100.7061361081968 5
-92.8441413253156 115.85706183198113 5
-2.490618136274634 87.24102611637909 5
-3.668387772631263 87.485993171894 4
-23.510211476117263 89.05268220171376 4
-13.913822440048762 69.53255940262784 1
-41.28237460437077 113.01395107597381 10
-34.00179680744003 118.02069672439427 9
-44.44207456555682 124.7295929593381 10
-57.20882834205122 106.33673920492777 9
-54.146643955026605 98.21983627323823 6
-236.2270491819396 128.70257050582967 3
-253.49705440481375 159.43037285926295 6
-232.1233530333211 136.73834618821064 10
-232.70165274001516 149.49539044093905 10
-218.61244127879957 139.94021302136844 2
-192.59446794316176 133.60282308581776 6
-243.40777142408325 183.9640341926622 8
-238.64909924348956 161.25823025616762 4
-230.08437481773865 163.68863011498047 5
-255.78355408593944 169.7243600753169 2
-175.99708680305855 157.74702161960732 8
-171.58822391979163 156.25233415514765 8
-174.1738009539327 155.44645207891705 7
-169.22880568043672 157.80776141791029 5
-169.53557498184472 158.84148652437972 10
-131.97893631641983 134.0451457977341 10
-149.75752455622114 128.68498755326704 9
-145.34336079733333 156.84379063735395 2
-176.56029011145716 178.33869750167673 1
-163.90695651901302 184.12875861755737 8
-167.28292583432335 173.76221054505038 9
-185.72733558215742 185.9547804468877 2
-131.47684499035563 187.1372308174051 2
-156.7428727308183 173.38985143560092 7
-247.43323069372184 217.38650542287166 6
-233.03526803540262 212.57694788330826 2
-235.04641328996587 209.12171906885595 8
-202.0050968998031 221.20331218304705 7
-251.97195652850036 247.98816079798337 3
-246.01829635732133 246.31365560760156 9
-236.04433222030696 249.5540347546451 7
-229.72444896159362 237.2325187394806 4
-239.71009362360337 255.99363652319602 9
-222.61116199027174 227.7122936071351 7
-214.524071608359 240.7164879874034 7
-196.56029136561347 252.04751219092248 6
-214.32824788401376 227.91910397332362 3
-189.37946931486982 192.70800170422984 4
-171.89137567046333 198.5613738015074 1
-181.85588618956007 204.49962771973895 4
-158.6389128914658 218.24018616885337 2
-146.03758569081515 205.6295191726175 8
-137.50518382716888 220.0584262795689 1
-148.4058038755341 201.6644519706283 5
-169.45114328154597 252.94855691519228 5
-175.54007122661358 236.15034931691804 10
-169.32079913203842 225.8127999034882 4
-130.45737834196558 243.58824185315967 3
-141.26459625867267 244.9711152409888 3
-134.5559524456126 226.28145563156653 10
-129.58826363053566 229.36709678301656 8
-140.357366721846 254.33273406677853 9
-108.35028364122934 128.23332718223156 9
-114.81451481714919 129.44341880866858 4
-115.13984403870933 133.78127924365515 4
-106.08801253419898 157.42865091303753 4
-66.12862811533307 137.2883584860898 7
-74.994886643906 133.66990431351144 6
-74.76422353822392 151.28557362196574 5
-84.23362364384877 128.04234433531866 8
-120.56903044434176 168.3012723927501 2
-79.75995867008015 172.15518424791958 8
-65.50123333520384 184.77828359452343 5
-95.87470950778999 177.39210090979532 2
-81.34221873201324 183.15873747618957 10
-53.040110692510325 143.92513471957398 9
-36.234373906065855 131.86748204098808 9
-45.35151115324368 146.88708105915788 4
-57.78470354491202 152.62748631588784 4
-0.25279497531573725 142.10797065424202 9
-5.99478821510769 153.36664413407283 4
-26.794725832453196 167.89394955931544 9
-26.273039091734688 179.39830575936963 9
-117.6227142520907 220.17554543227237 2
-122.47792760011941 202.164134866651 2
-108.97166669348798 219.1738526908748 9
-70.59806352809386 211.16437617995553 9
-111.42426671717266 253.98805896023816 10
-113.37527579951023 225.22993383071196 5
-88.67247035377994 250.74865073172742 9
-64.82494587249317 247.9872451295962 1
-65.24395023113135 242.99531680622903 4
-87.56887818622045 244.70037851035488 6
-70.90282047754306 247.74236585386382 7
-63.909035732829636 195.22730766312247 4
-34.53692795276112 205.13385064842254 2
-60.5238822121637 214.41942369384117 4
-46.082043947305465 202.99271534040878 2
-63.141213994813256 222.36493347752184 1
58.08477330941929 16.919267085550246 1
37.48864621403766 19.828308974362358 10
28.58067579088288 50.8808356231595 6
30.399709637980834 45.112764268994 6
39.193136972521756 63.85708379779771 10
32.170321101291336 43.98650701274488 6
60.689462368470004 56.261740587435725 2
88.97676468180924 22.4686750868197 1
115.48516036158247 2.17098923950914 2
102.54176724683583 31.75631638856413 6
104.13190166277303 24.00471567155148 10
112.45794837735644 24.989784382776975 4
25.484225578017913 68.9104058652834 4
15.910685493709991 80.97804035758287 3
12.993519627289288 80.66362577841716 1
8.121566656986488 72.35677791274503 7
6.141043081373994 81.74025153550951 5
42.727714652505995 95.74964667313697 8
60.571792271594745 71.35920348583244 7
45.61493190315838 78.9798025628304 2
6.333631169034049 107.95146732122492 8
12.794035256330403 122.83031843828519 10
27.657661022379898 119.05945328769184 9
25.790293188482906 123.94499112598254 1
63.52686184334601 124.99537096444163 6
92.02330968457926 74.57758885746989 6
64.07282251832402 66.6276856038902 6
100.20655892986815 66.08823228140886 9
109.42254332237837 80.31173468714593 8
123.17169431165968 72.02841143545675 6
92.39825544783025 97.97508571353313 4
91.15200282885019 96.7932991464611 5
81.42568952784148 112.40633714947836 8
78.78533443051214 104.72962184501955 1
105.27026586219114 105.94909453935912 4
118.90596027101606 106.14456445457051 9
123.26775613151574 122.61893989681187 2
116.86193818796107 119.73534696669338 10
131.95971919991376 17.814311172902592 5
136.85171293743304 26.29358984685382 9
134.87632843464104 2.9971073540444877 3
146.01750010870887 4.40655539564051 2
180.8909014584736 25.27832760493976 6
187.0484457165665 7.028722375391965 7
179.00882983188558 18.5796253960778 9
181.88604408477647 10.122963876966821 5
189.86288179764017 33.556277748977664 9
177.45190324956735 32.163214582406624 10
187.65927563279007 48.76502818091268 7
184.36622982481748 35.972494656030335 5
184.16218601972793 62.84329876678868 2
205.45351017390442 4.917448621157121 8
203.85056497005024 22.74962667771848 1
201.86407258065606 17.66354372885371 1
233.92579011984395 31.11672995320987 2
204.82308681254187 45.56552868531037 5
202.69305531351853 54.21725761298154 7
219.91186744056114 36.8343872138293 7
198.55269207270152 62.05208922336084 1
209.18628184100777 62.86547014207764 1
246.638134613825 36.82332461865349 8
253.5399364995119 42.82378562042538 2
230.76229889853136 54.13890348584465 8
131.1159637976608 84.31627495161973 3
144.25143782906946 66.91473728891225 3
132.3157214451541 81.78652322803111 8
132.094727447962 70.84326986230201 4
158.57207024969756 79.75854801894525 2
178.69041775317572 91.76132663043956 6
182.18500773247064 73.07654257750016 7
191.73672460005673 92.14695639151711 6
162.20365435422735 73.83527349331979 3
144.0731517809548 124.42424406949868 1
146.25686215489736 106.96079881751263 10
150.70973682287087 126.13038901244346 2
159.884450378037 111.90955221263835 6
153.08016719159536 127.67834247886765 4
160.7537633613196 109.55211619294852 1
174.67149654706202 123.38571691453001 2
164.89716153496727 120.82520208713504 4
223.03314823192318 95.33157385885704 10
205.25448879198052 66.35333228949952 1
196.58097423142084 79.6811249838986 6
224.37961180575792 86.2467765433675 2
238.96164586952494 78.34460780305585 4
232.1621294726222 76.50458040204154 3
249.00239068768957 74.93104256348335 1
217.9160429359124 104.91675312079366 1
192.18089353353508 118.947677791854 8
200.51205660957658 107.87352582868033 7
224.0886073006559 97.82966406683187 2
7.87341830251097 134.5937577143771 4
30.478534863430298 147.23596756699732 2
15.465229895990717 145.89511287526074 5
7.007511067297912 150.0319754919156 9
59.60871637608716 157.78210499186156 3
44.71517383496399 156.1714911359549 6
47.92371302447833 146.16670047442994 4
35.03301146883126 138.4222561441029 8
17.8701299627312 189.28021509469346 10
1.1307492666838925 175.99219696868596 6
28.388648582359167 168.86971293667068 5
22.732958695398906 172.66035085948909 8
20.698237802484755 179.18079130894995 5
61.89989749765385 177.5822077913058 9
55.835854431944256 179.8714686513403 4
64.45306184334305 150.76293633199703 6
70.2630826846364 159.37628984797612 9
79.92738586582777 148.60298544207018 1
71.88110845348069 147.76408016808722 5
92.95988630885694 154.76876538571167 6
91.43550309083639 173.16203045386044 9
95.68454390260092 183.20373193348075 7
93.71267693614271 162.69592498961362 4
57.15488960565676 220.57272406719096 10
62.11375185016925 219.93967744933485 7
40.54896019365424 201.58101007860967 1
0.016502855198666566 230.5896468249653 2
12.69237613704297 236.06313110033835 8
4.392593365940854 245.65062857904672 3
52.5914562373236 243.55577961336922 5
37.66860395200109 254.56358916183694 1
36.919755915257156 249.3906115353982 5
44.40768441932738 226.07204855154492 8
107.02111277437189 199.1553536080492 8
122.03196224469241 212.89191071740464 5
96.14913305005456 223.87640192909333 2
115.85534027319017 221.25797334125463 7
88.55258411989337 224.22972617416025 5
70.4896453614947 251.79049768592301 6
64.93767770006855 226.62272519610423 8
67.55669733651001 250.91218460869646 7
97.79809722637913 251.63273826101585 2
103.26413219658474 251.53800900885807 2
109.77016425061618 254.86913805373428 5
111.53067829016464 228.4290902383641 6
150.8853257945417 155.81651144784632 3
187.96583586987668 148.07929341144018 10
185.69090065709395 141.9982977242413 10
153.44839629032538 170.52767456721864 8
130.4667265228386 190.72380761026153 8
138.70707132867193 188.1853931022614 2
217.60081173083495 132.36007307696752 3
211.05611808881866 138.13389830427855 7
236.73530468295291 156.29593562889562 1
252.15536122572178 144.93428319234135 7
242.45116974066912 153.29641061677626 2
248.3782159431454 131.4202464139824 7
222.38312927588248 178.19063980469963 6
214.0745441635218 182.66267331171747 3
201.98265707204962 168.52331503740538 6
158.55200573036024 208.3351256097793 1
145.5335653671463 221.5065313488667 4
147.91250230402 223.789380914868 9
189.1382393686863 215.23101435243467 3
183.33126293444099 205.08576246728796 2
185.43689034819408 210.79148203095792 8
191.24428623576551 202.94913487097853 2
154.29348103587182 252.25788080374548 8
145.96686421108183 245.76736000627625 6
128.9255904177275 233.5939540621934 8
151.30044430713195 244.06428993454273 6
169.47261006665718 238.6901020668572 10
230.01490282488265 204.01602622445245 10
254.52504864295048 217.2182100212596 9
228.05039913546716 199.90038930557864 7
229.4338994605273 212.01268239881978 3
213.43660258181103 245.8985017853151 3
204.63157547206686 232.07363361330118 10
-161.77056335419957 -218.0773166172006 4
-178.40357600594643 -204.70747439821378 4
-183.67241105615994 -206.58345091827806 1
-160.51540443834836 -205.632516012566 1
-165.42375525941787 -196.49930265213777 5
-169.6138040120441 -192.50699298389742 9
-201.01056263039857 -188.3229683996925 9
-202.10985957896736 -176.95329437520843 6
-212.74609583879425 -171.6531773559588 6
-217.92530634931546 -170.21595016516056 3
-220.532879159417 -165.32962034650808 3
-214.2058205422564 -174.54500444031174 3
-199.73371146349166 -160.90641924126743 6
-196.71730691684877 -169.9846394056044 7
-186.09691856441526 -189.81108848535246 7
-186.90111442677653 -179.94679657680274 9
-175.55692741456642 -180.24334266864759 5
-167.77574088733513 -184.5768078610996 5
-161.66217891301858 -162.75933808704923 3
-165.11603595464283 -165.2291564237542 9
-151.01786019869013 -149.81827545497367 2
-137.20537975159988 -153.72349919690123 10
-132.95138530793662 -153.24056470152794 9
-136.6230095717234 -146.77441639435023 2
-130.15726857334772 -155.4505193515182 9
-153.45544550694018 -129.59703075993764 3
-148.43133131190376 -137.7802138791272 2
-116.96624691576329 -241.7507564615275 7
-102.65001052796129 -253.01444883683683 10
-102.50516399054669 -249.09309307067315 4
-110.25616696390705 -254.70029316695593 2
-97.17875918715953 -236.33665777661184 1
-103.41654069378319 -233.02271977579863 9
-113.80241381902584 -179.24593405116053 10
-118.8043521232151 -190.13355127532583 5
-99.28504976932663 -187.3619333623219 3
-97.46364438005315 -188.76742225739417 3
-125.5234131017989 -169.1028814474506 4
-123.567788527787 -163.22698778995374 10
-189.70664548236186 -113.2619390480553 4
-166.814363692494 -115.69508192894983 3
-163.34746422016167 -125.82353043233923 9
-170.64621372527864 -112.49120272373125 8
-169.02481405368616 -126.1126671398423 4
-163.14639953547498 -109.39569082285794 7
-223.78591550668665 -23.192060602374 7
-209.32240513455145 -19.469836035207493 6
-205.62437280091382 -23.366166346840146 7
-195.78830006980655 -25.22861274614195 8
-213.58350924100563 -0.015808298827664657 1
-194.6590303261051 -2.054057612664508 2
-190.0430070987818 -54.68405228459835 8
-161.10641184877738 -51.423091142860414 9
-163.030153017322 -62.87086659916281 2
-174.86105576523465 -56.761363330075596 7
-186.20470591046438 -32.68157359430808 2
-160.05743768684317 -32.997243085605305 9
-157.77081969601863 -58.976733474691116 6
-145.3928279002622 -62.554045375706096 2
-139.4950979892567 -61.02473213499826 8
-152.6473984826339 -39.60336510315801 9
-130.99552357534998 -47.223473543806904 4
-141.6147509566033 -34.36199194556792 6
-142.96443524298024 -46.903244434061946 2
-124.50390393533576 -120.5429932410654 1
-123.09819819289828 -119.37470418499282 3
-105.40550516775977 -119.7929031001255 3
-127.58339032288097 -107.31705002033084 7
-115.08976006151806 -106.5320698289205 3
-108.94437685884373 -107.08727741496438 9
-49.29206836312369 -85.04286353748239 4
-46.05304416352794 -89.35316936841917 6
-39.25235171632971 -94.58776777942262 1
-59.81349233334322 -70.31911059380485 8
-63.632167277463964 -71.02010514757296 2
-49.949378493497704 -66.15817210355664 1
-93.14757251904155 -25.579322660015407 4
-89.98365877735233 -31.61336966228913 8
-90.09009373938324 -21.032145460794652 2
-77.39509430722387 -22.879180158764257 4
-66.17679861583929 -31.617755358566 9
-76.16106027288117 -25.95820281540017 4
-65.13210876647338 -30.007254661196157 10
-84.21258510359564 -13.466548105917127 10
-89.39197616919483 -12.3889725596581 1
-87.34041129817547 -11.582289490780681 3
-79.36069640743165 -8.463626364526704 4
-71.16836423543259 -11.532223015844124 4
-64.95364541252718 -15.948379111436907 9
-57.00287364060483 -63.76092315873717 6
-50.4323705471582 -50.7436911862747 1
-50.55000078536375 -44.54237236736742 9
-35.64544045236681 -33.921887698922035 7
-41.71512566820803 -46.61793444413621 6
-32.89749220457105 -43.39146632910246 3
190.15325664206358 -254.0149451959477 6
181.1990115375358 -244.26324692930484 6
179.70129221744986 -249.9315248904528 1
173.16044067620783 -226.32247059678275 7
191.37891181642118 -227.0553901800194 6
180.0583101614257 -237.95745130787293 2
185.8435870591291 -231.41408225334857 7
204.50512147098897 -246.74272532162962 3
197.89621731935193 -240.94853724882535 4
221.10022713512376 -241.72735799531227 5
223.11066523165442 -247.84365026077944 3
208.42095102520778 -243.0100356741886 1
215.67657909999673 -240.9611835891156 1
201.28376329550218 -231.63554284626417 4
222.14881681243844 -238.79270171604276 7
246.74186618070217 -144.13797565084707 9
246.09918754557384 -150.66600578468274 1
245.52092834584823 -156.94790143831506 4
237.8168633374582 -139.35871789353325 4
236.80136580742897 -136.42020724720328 1
234.56076938741387 -139.79803953565187 8
240.10536747796482 -130.42630772291346 6
76.34588813185229 -94.32314379080333 10
86.32654815032248 -81.15458591675673 5
82.28131244896389 -95.33033837605637 2
92.06720152262784 -68.88912973177867 5
83.53107840477651 -66.95114038933491 9
90.46957230686871 -65.59264805233846 5
136.31158943148222 -125.62522372552036 10
147.84963341481915 -126.73183197580221 2
153.342892724193 -122.80604189600456 9
154.05958765426936 -115.15678418463716 7
153.2295327492626 -114.84966864973342 1
154.8408921091662 -100.79298750729549 6
232.7209431601711 -84.4713737020736 2
227.48465616351888 -86.76965853476003 6
251.7387054096318 -84.90675993910776 9
245.58566352897054 -87.63042848031222 4
225.64991501691668 -76.65828716770113 6
228.48461419398507 -70.91543686039915 5
136.0496602244404 -54.65565719286832 9
146.7906875061364 -56.02315318911866 8
148.88241430342072 -59.91343986765605 3
148.959694037357 -63.938071549489166 9
158.91118727467972 -32.335902146144804 3
155.82918107676744 -40.78398997350075 7
206.6274512960914 -48.07198728492409 9
211.838611567369 -53.63239407090816 3
208.53301454361355 -51.5705687062686 4
195.42567273032438 -40.650745012554125 2
201.29674620406786 -34.80281669463102 3
200.0539418394726 -43.3539383692343 9
215.0787389154466 -37.85875082263874 7
-246.0486793678404 35.73740681921066 8
-233.38110194004236 40.3316237360612 8
-230.2984668714347 33.92332222828742 8
-240.66985466783552 59.941581063185936 7
-242.93521704275344 56.82242089567251 8
-235.2290969325619 54.656663666806196 7
-214.6810261387851 44.1541964610675 6
-222.79051860887643 43.652174268278884 4
-220.50672241482346 47.85755088790199 4
-194.7424143645232 46.64581535779064 4
-198.32725012197824 42.53409053499905 10
-195.78862116849035 46.183068800669446 3
-221.85603340811895 54.230013954313904 6
-193.63447403509997 61.45480164738274 10
-150.84508318811896 14.599071997077829 5
-154.2512038102331 9.920453472814359 1
-132.58530162016837 11.260738015748416 3
-153.19241852548873 23.303437079644482 4
-153.5372414870224 17.625328105764765 1
-142.33029236376018 25.527407347593737 6
-187.45507251744232 73.33850866176255 1
-187.64625900670546 77.42973922592648 6
-162.8933383883695 75.29786736761645 7
-172.23299295899614 73.01271080068051 4
-179.76910813508636 80.92760588417974 3
-190.9650308949411 92.02346244086084 4
-168.80138082193832 87.26286687813894 3
-61.606980332138164 11.360826310331959 9
-35.22026421078016 14.012980079118563 1
-36.95813803676742 5.7966092349244605 2
-33.998909274793675 4.560074584126085 5
-38.9967635333054 13.070033723622998 4
-59.15447324422303 24.059736745295254 8
-56.882946480432565 29.59915462854798 4
-49.533638716994574 21.083283723482225 10
-50.498833557655246 19.447687580016463 4
-26.433157363762916 10.963380688628263 6
-2.84345416289176 14.909561068805203 10
-3.6881713660659443 2.538515415744996 9
-18.684221563699168 26.66643797981982 6
-23.0117286406969 16.335318260834924 2
-8.447944313519656 19.999428632345257 3
-1.4512521799091473 26.57547913887481 10
-5.622788672498416 27.565163933815654 5
-29.381504901242238 37.27940430240409 1
-23.915739791192152 42.8552060090405 4
-30.492745248461745 53.63237604827657 2
-27.188203876680404 56.66918794992597 9
-11.074603122821202 49.82983105618689 9
-2.675586551301592 49.872121611603006 3
-3.5497344964611557 56.770900031207645 3
-5.85150227918507 56.808567129033236 8
-13.505606009037024 61.440231768973206 7
-59.351941062420906 69.79200429010069 2
-54.02086547453149 78.693081588199 5
-50.042612339637515 67.20218410710987 7
-60.41512966983703 70.84701830779875 9
-36.149910300842805 79.32330081125895 6
-51.15862315582865 86.34179822665857 2
-31.116669811956 109.62788960410523 9
-26.189991012814687 108.40831231598554 8
-28.258614741289364 110.66428950597958 4
-15.988020875894904 110.35166314789183 7
-11.88319937508868 111.49767464469647 5
-2.667725687406005 110.04969193282898 7
-20.258608065298972 119.03142171631703 7
-0.6048615681673368 119.22514436969658 7
-204.7956094884612 174.86020355935995 2
-193.14274222171497 166.5442157730074 8
-216.34043146410488 180.2709784817522 10
-214.15310786118238 177.1158801510539 8
-220.41550234089323 177.39083276560336 2
-202.82232535910026 176.48262818152705 9
-192.46399363192114 187.11084904769143 2
-53.64041714955607 166.43336420017027 2
-51.38698607205072 172.03831959044822 7
-49.6168996658447 187.7810712062751 5
-61.31132297150634 191.94529852432413 4
-54.55399719336066 182.43814788644482 8
-47.16262721454933 188.90905384093713 8
-16.600205348531972 195.53116068621313 4
-11.269244864563802 194.23218077701227 1
-6.526037642148026 197.01592332229052 2
-18.246561414040514 220.8611717518756 10
-23.155308585606804 220.72847123716218 9
-30.994027931066285 217.99988424035683 4
-16.15089710257405 236.89112547071193 8
-13.532177913579517 229.1468975115323 2
-7.156785535251231 233.22359845201493 10
-7.108397518014499 239.9692427925604 6
-7.720520651266554 233.5005074500781 4
-17.2518701519175 248.6201432953178 4
-0.7904225300139274 245.93616478862157 7
5.066596351426767 7.299458695858789 5
1.76910070125831 3.959648574789071 8
22.365912551950146 8.39292977977027 3
18.307952951213053 11.429432054678614 5
24.056162504880433 14.284259571977145 1
13.589316820699366 18.24658979087826 6
75.8079991238157 38.47447918250981 8
91.3631535581714 39.53051365473806 9
86.9170252723452 32.80888672457604 8
82.73036364733724 60.013953881563225 2
93.65334134707228 55.25031240178782 2
90.34957461054029 50.95022878130658 9
84.50160173338986 59.92603877909045 2
104.98914914665778 32.543198878100156 4
125.76736482003452 43.55053836356075 3
108.3555495718108 51.36104648734232 3
99.95323087315887 63.35255314749793 5
115.04208474560409 49.85980113034509 7
126.17291392280123 63.7552650374364 7
109.44376217874924 138.81471306727934 1
116.77187600191996 141.64312197558058 10
110.93224589178743 164.37727722628284 2
117.82064995739375 172.83797384628548 7
115.1056447671831 163.0635820719737 10
112.25128235506082 176.8023435649634 10
124.2861446723764 183.37285341903885 8
113.61560722958745 190.07169976655894 7
30.63444087565216 203.71932500964778 7
29.880791081210248 195.22398443417143 3
10.415388199344875 214.45789826521036 2
7.563645267988704 212.85272951920382 10
3.10593571617693 214.14953770987444 9
16.58443321922357 214.39459054755025 3
64.45552424050913 197.03933566445892 5
65.05419115104326 202.73735197390027 9
94.89994812851603 207.61874060876562 4
93.49317681315569 196.2605452445593 1
80.17468294574729 204.46053849484684 8
73.68225631427259 222.2616331575304 10
67.48939931941419 222.0152425353993 10
91.74434728124874 223.50258760830576 2
174.86212344884376 187.32081646961984 4
163.98756100458803 188.25351741333583 8
176.70431529137375 186.1833621121379 5
181.46078501503877 180.55928337654416 7
179.15619638399778 190.83508167398787 10
181.68592545166723 179.58328540162398 10
176.97481327373953 186.97189954748671 9
239.7210949772686 167.0957722237345 6
231.59255677359482 180.68725341629636 5
233.5770766122617 178.7703707464907 9
228.1960360070949 180.3626139940701 2
231.0561390265255 189.63760025276025 6
241.08219759099376 191.00846971373267 10
205.93877427379363 200.46536108190838 2
193.59587860434124 203.27336218441405 6
210.1065790218558 201.95569528980116 6
202.4569654603044 222.67120846600528 3
220.31369639077252 212.535968946295 5
208.38981179287674 212.96338454575715 3
211.82761163760887 220.68237933258854 8
236.13479669138223 235.34993797102697 10
233.49738270582765 225.95333843935947 10
233.45607269969048 234.48112313515855 7
225.2238562183913 226.55771300434242 6
254.66754723643277 229.99394602742785 3
247.1781137826747 233.76551539974668 9
241.73791750528176 243.79209511587436 4
245.58093440774172 241.68905163370118 4
105.20057402792031 144.2247028078463 1
107.11195873113672 148.99123104612585 9
111.50330964856647 149.9148195688074 3
96.96584698037094 159.41101829794474 1
98.74458894883946 156.3234854975716 7
105.87183839172451 153.04034309089678 4
108.00462509611117 159.07468500093324 6
