-202.49437352916175 -196.1392107112453 1
-199.05572516088392 -198.69857397334414 1
-198.1461321525225 -199.97101141431813 1
-140.8784821708777 -196.7913936478181 1
-182.90943868243846 -195.73741365033516 1
-188.82575397323018 -201.3910858804058 1
-183.3944669639513 -201.69724938679252 1
-183.14216876808393 -204.26263497699802 1
-173.20109981375026 -200.6944637951434 1
-204.58829356731712 -190.18446373872575 1
-199.9693250179634 -134.5547370790755 1
-202.23446000938162 -131.5303178708029 1
-193.40066806560748 -132.2183901834809 1
-193.21817397123095 -186.34139655675187 1
-198.74282853417486 -185.81807646355475 1
-197.38307880209527 -177.06152479831667 1
-108.74097718826295 -203.99568220337153 1
-122.4537772711119 -194.44489125517174 1
-102.56238692278515 -204.10394597757744 1
-124.19942047601944 -201.4064692128402 1
-124.70209305552686 -197.2674298574035 1
-50.1521323158081 -200.3486054318518 1
-3.7665817552969543 -198.85369304184013 1
-5.420226860865171 -194.18330804312728 1
-20.52529166342771 -193.55996129362546 1
-62.688212938862875 -193.20872891688686 1
-44.477776250904924 -202.90733237213834 1
-193.6814950597432 -126.06185749057465 1
-199.31637544695724 -69.16932801532658 1
-204.78803340494238 -108.9165477669086 1
-195.33435010800497 -77.5379878385013 1
-195.93887488530322 -110.77325519326973 1
-201.61741010366177 -88.09265694848676 1
-203.08719380914613 -79.41222039941164 1
-193.5781265763356 -117.04468671506362 1
-197.08155196416965 -80.66445800592305 1
-200.07729872302633 -66.90917163035584 1
-202.6859633761597 -0.6404393498644367 1
-204.20622281944304 -21.464546255562254 1
-202.95580411722523 -21.016797421865533 1
-199.50947665220303 -16.616857143690368 1
-192.75879341868523 -57.29872631785065 1
-204.01055960117333 -43.83168328807983 1
-197.09129707631473 -57.05741572956384 1
52.0166186477594 -196.2380437874382 1
3.804689387544272 -193.15340385339584 1
8.743951797638204 -197.97468472813063 1
29.28814392453154 -201.48864674608893 1
27.875740608448666 -199.79638695794966 1
20.42927262678006 -202.51296507806552 1
36.72384217652069 -201.78759361029654 1
83.16605363763654 -197.88382374883497 1
73.42846272864824 -196.8319258723002 1
74.65100716517594 -198.63295653747622 1
118.33222439523621 -195.6741433228866 1
117.05252136105184 -202.0156541772705 1
91.30361232578315 -203.93707969969148 1
88.25642302004184 -196.27070750850277 1
83.64225565051782 -203.6537715340521 1
138.40825285141705 -201.27975791729813 1
175.10961038931902 -196.766135282658 1
174.42872807528317 -202.7312165965995 1
151.6824508164429 -196.72870426074348 1
199.64912798883154 -199.10461137277554 1
204.4726697761334 -186.2611348920783 1
203.9016848445931 -128.73842325184575 1
193.06252094733009 -186.07536744885675 1
196.36607597397546 -188.44398545456943 1
202.6074307606064 -189.7522577951592 1
198.9777277280146 -155.83887327991255 1
195.38107618277508 -137.55434034286645 1
195.66388328452086 -115.87234890898975 1
202.46668937620825 -68.53894421641138 1
203.9875732669725 -103.83745638877116 1
200.69739591136369 -76.01579687018989 1
203.86721198423413 -113.86870926441776 1
202.3531062581037 -99.75612056611453 1
202.3299473899491 -27.631850930438986 1
196.97556909937794 -49.68929442605901 1
198.18504754636632 -52.88456523159306 1
201.8649541517051 -38.052872509118856 1
192.6522136634373 -42.687962899975844 1
204.49324188942694 -2.3376270125529572 1
192.96764630363123 -4.818851461928716 1
-197.1119936599493 82.419902801641 1
-194.55664024971986 107.25294756485505 1
-195.41309815494157 66.72894779556793 1
-192.20203990023788 95.73390799396162 1
-201.36077100643553 107.49175259877939 1
-193.33916952646968 107.74829104376431 1
-192.13090229705068 119.80891773012769 1
-106.90107876794173 58.719773003213106 1
-117.71593774864215 59.598227716220094 1
-124.44742649640699 24.874624458387643 1
-105.62709739756076 17.399609151417394 1
-104.2846203985415 4.726824780875802 1
-118.72236802666134 58.30960249574622 1
-109.7179625860586 31.1546673857016 1
-109.02618163804698 45.31574903032703 1
-202.26230747701823 168.50244584054627 1
-203.06380046734415 150.85496814737655 1
-197.46442815401122 171.5341741104039 1
-203.65610023271972 144.1984849796837 1
-195.9735415621248 163.81353327821932 1
-193.72279804091932 177.14953539002835 1
-204.42010376248953 201.4446029444553 1
-198.77359288928142 194.94224665844035 1
-193.49674857142776 192.47929904025938 1
-181.06240580067805 198.62623600733588 1
-162.89232814797987 194.5142812281233 1
-156.39704256539835 192.61547333994133 1
-153.31563490372417 198.21453581357258 1
-128.95565917942434 196.81818880555863 1
-132.10195295275906 202.3956112792846 1
-137.3150003205846 192.42145608850865 1
-123.45411141821393 201.8351754115207 1
-78.51330212854953 199.11596256917306 1
-69.92026496297655 203.56975213502352 1
-119.05091575852094 192.11570405855576 1
-67.9258107665284 192.60223912457536 1
-78.11535385548041 192.42762244230164 1
-92.26092943653043 204.40250367542438 1
-46.16881404093294 196.11006263708185 1
-61.70840146982471 195.39931194675717 1
-27.212712927084112 194.27861094729883 1
-35.56973428454921 202.05336073284127 1
-54.6262626232882 201.8510845614133 1
-27.84897127337632 202.8470555141255 1
0.0 0.0 100000000
104.16874432594216 15.079652905974626 1
126.4122938301312 5.424494206982331 1
124.82603489633806 56.86406370872186 1
111.02440775426481 11.36011085446296 1
116.18636078031471 29.404192745158582 1
105.1422143665929 2.452856871276083 1
119.85614591972472 55.88684657526653 1
108.92259591292355 62.11236478278687 1
119.79313391986005 15.090176981167588 1
121.39821102370422 63.02966640715965 1
204.00782912279868 53.36451556386589 1
202.43125372292604 4.871624502023792 1
193.71623488934694 44.51651729891074 1
194.94796778985352 53.260220651097484 1
202.46028373541446 55.579365872024596 1
197.58619980333526 49.58944555507503 1
200.3267233623955 111.5542420726772 1
198.46651940966962 81.60990785237533 1
200.8620832952899 81.09323836799348 1
196.68628077020418 67.4566590066143 1
2.9580920148861765 192.27541838947536 1
1.1375257551002846 192.0075935073977 1
4.197461746793181 200.23014932528474 1
108.90918472845652 204.29828781857964 1
101.52516262725754 193.32434240049747 1
73.8238150537133 199.1114501552563 1
101.4768162781167 197.78630996732932 1
123.98724719589717 196.0586698389901 1
83.19272712886954 199.47927059356056 1
103.25222046213383 192.19368261108343 1
93.43478766186911 198.91896836482022 1
115.11551802924185 200.04688678680458 1
115.42952641749167 195.5213882350381 1
198.2540344729715 139.79131644513552 1
195.82844710342738 167.94329294231926 1
204.3329992651042 158.21654108273015 1
202.90428543109476 153.06356778034507 1
192.812910579162 130.1697959506625 1
200.74071371399197 160.36035075355812 1
195.2967366191628 151.44851696568549 1
178.77563680619295 201.5601197685046 1
163.344139836453 192.29272635915208 1
185.1775654372159 197.24972213134004 1
128.46108170423753 200.7080514838206 1
181.16746821961084 192.9394063496306 1
132.27733732436496 195.36402943743974 1
-159.69510476690033 -168.39648534765962 1
-128.0718429061451 -181.64156558137688 1
-142.58617925907964 -164.99073183458705 1
-159.92380492059192 -190.42408644178965 1
-140.43300846137703 -163.2783466889033 1
-141.90826052597282 -190.2825247515716 1
-143.40081335524394 -173.50609002049492 1
-153.12809496076085 -163.1379371744045 1
-132.35473297593308 -172.15383206653945 1
-149.79341286137168 -172.7863253362056 1
-159.9939319219107 -153.49987150316474 1
-133.49083681968227 -132.07531390061706 1
-138.49880204752242 -140.33408122168612 1
-157.66880777311474 -128.8904035465647 1
-136.3932790817634 -143.35591786572087 1
-150.67003026623757 -129.37697221824573 1
-159.88423956053663 -135.43889274910578 1
-106.70321728925609 -160.51054505267444 1
-118.3187395759457 -179.49327143356146 1
-96.09398727721089 -161.8971529612527 1
-122.0032098537381 -160.064024950016 1
-124.92835605468622 -166.3440545829617 1
-126.10880305429424 -161.55919741402425 1
-112.16276600841843 -179.516876152211 1
-127.65359759666376 -191.23959626943525 1
-83.29001865370066 -188.83527838925818 1
-83.48969311919484 -176.25851764664742 1
-74.80841122134353 -166.68643644811038 1
-71.97895628596854 -164.69011474248657 1
-75.88334017222945 -175.9945914432323 1
-74.34706488666251 -179.81308864613482 1
-76.68434821094257 -166.59586639393336 1
-118.23681366370306 -148.54228571922795 1
-100.46132734086746 -150.34109971208886 1
-97.10793825359775 -135.42420603561305 1
-118.9811545549515 -135.80376969071568 1
-97.80626827075622 -135.97970570200664 1
-116.71539197993627 -135.4528254028183 1
-114.85069044607303 -128.64213172323673 1
-116.85414860618607 -150.70740254356355 1
-114.94997451170451 -133.88253559543853 1
-88.28308226720486 -147.56858731365782 1
-65.19491209781762 -157.44871541624235 1
-89.99072986007212 -142.75085005899382 1
-90.90683213591615 -131.36026192337772 1
-67.86958796453843 -145.11947425391253 1
-95.79849445075536 -159.92178697450805 1
-67.25494945970735 -138.53977998520355 1
-95.0593111359978 -129.88105138984236 1
-67.01401418088182 -150.23374919584705 1
-45.833857688631895 -186.99799493355187 1
-47.04500583692209 -166.80119989049922 1
-42.133436218936026 -169.71742005038334 1
-41.028482652118896 -184.9236479109896 1
-54.67024663791341 -172.28659070394156 1
-49.92606495895501 -179.81765933477743 1
-62.09879212569359 -178.04615904556147 1
-55.47778628474447 -187.04880752232907 1
-35.29429718052165 -179.9021270279544 1
-49.45341395774767 -191.0697062543897 1
-6.277742131553282 -183.65754201718596 1
-20.724522564565802 -161.19338302793352 1
-30.8578554345886 -185.19962211943323 1
-4.697440055822312 -170.63087425054908 1
-2.9687297550418066 -163.40611646755298 1
-22.99214349380827 -168.22181278495907 1
-14.92007740774801 -178.24373632658506 1
-9.561257999075963 -168.59514475770249 1
-14.903846439110396 -174.60815934149701 1
-51.903155473647416 -133.66659738097167 1
-34.784457647858574 -159.67888970981113 1
-39.6651906696934 -149.062453864188 1
-47.07673443663464 -131.45097568443595 1
-45.336429202465126 -147.35839634225658 1
-56.68851983802091 -133.6637382363325 1
-22.02938302336605 -133.99052748146232 1
-24.57515922473266 -146.28567736270497 1
-30.28104458149437 -158.62783331455688 1
-16.798187173266058 -137.71656624433638 1
-31.501810652652864 -133.8100616253122 1
-5.888754951536612 -146.06799857856822 1
-27.61089773340308 -155.6002734443889 1
-29.89338296053404 -152.40959207828843 1
-134.31045260551127 -110.27725248582584 1
-139.35520861047218 -111.88514514040384 1
-140.44001752853444 -126.45013134382987 1
-130.39066669749872 -110.06966933999729 1
-143.57802055466567 -114.64961547588894 1
-128.1386041441778 -120.29194067584842 1
-130.1320657238973 -117.09781753304787 1
-146.7492532611539 -102.73945963355408 1
-158.5273351024365 -107.62722881543283 1
-152.51748320275635 -119.13993167720821 1
-168.26399226871962 -73.80667101051671 1
-166.31600903648172 -91.99212679892355 1
-169.78742011776882 -77.57097199934913 1
-150.54941553915376 -92.00816793067145 1
-130.61025634989875 -69.09242121508521 1
-136.8027799967906 -79.16099728197656 1
-159.06101977768918 -93.64662904452928 1
-161.8748440575245 -32.847787951583825 1
-172.01603762451447 -34.67107334845821 1
-171.46661285129102 -36.635260741297884 1
-177.68917939492798 -38.7416077717582 1
-172.46290806584864 -58.449501033541935 1
-174.7559314090019 -35.33550148736248 1
-180.99165852906793 -58.9374411889317 1
-186.2117966577964 -39.15400889618661 1
-135.74837747099986 -44.20628105410299 1
-151.5720416213327 -58.40218309641568 1
-147.85596202898768 -51.03296093107838 1
-134.34959611364133 -39.575974417050645 1
-146.7382821256444 -61.89911887368629 1
-143.60670121313427 -43.98603150269764 1
-160.68714127937574 -29.987211335247594 1
-183.11330167505633 -5.0891935220116125 1
-174.92863330122356 -11.168116935992145 1
-191.94008010885426 -6.717724525433994 1
-165.6636172848373 -5.628973032163287 1
-179.12803143959718 -13.832980593434911 1
-171.46473263600626 -28.746576572454217 1
-161.0361057729998 -8.159131465748544 1
-104.74129456039435 -108.47009247337292 1
-98.76281695779835 -122.60265856834184 1
-121.20502745108388 -115.7536656526371 1
-98.78337655426287 -104.32462179187996 1
-113.21295072525618 -103.43714680675322 1
-96.77672979857306 -124.66303632138971 1
-127.20117715520638 -118.63418592206614 1
-109.03421626910904 -102.59898176806513 1
-122.5931295779194 -109.42880484322393 1
-77.52190514562591 -119.00263580839925 1
-87.21027404106565 -125.33234731814673 1
-48.46287303094465 -108.8194509153276 1
-57.75113354894205 -115.60382660004723 1
-59.686996155613485 -115.5224066279651 1
-54.8176315660063 -121.58034564888578 1
-40.054333074977706 -111.21444728826282 1
-60.01724536896313 -126.8909348580674 1
-62.677571452926315 -106.81247088542483 1
-10.028637185154537 -120.55749280956837 1
-29.525773522756367 -117.17729501754332 1
-14.550124442941922 -126.17946273834679 1
-11.589851744735483 -110.90515378522332 1
-19.445358397475047 -108.52820904045171 1
-25.530706776874126 -123.97553597603644 1
-10.819170768772722 -106.30681596998471 1
-0.34627076904496334 -116.87637746727165 1
-28.014268564887914 -108.54368845949563 1
-19.79149995478673 -119.97303467785088 1
-125.68727263951092 -40.333561726750986 1
-126.75025330344545 -54.21646839531405 1
-118.49061824297291 -45.55515383591114 1
-124.23303847454565 -51.79605530708233 1
-123.498449366501 -54.746430191819286 1
-122.57012322205821 -32.68445349141655 1
-103.88289327114182 -52.57347329139179 1
-124.44763360651154 -3.0521336055390975 1
-106.31829956342989 -31.180679053501365 1
-107.77147569138089 -23.4020866052457 1
-122.38964337467229 -13.07349107166442 1
17.065572171695067 -161.58335591878398 1
30.159584500817118 -191.37413153099914 1
9.694795598230996 -169.1113276955237 1
23.83162206198557 -172.08578187975536 1
8.39158145640971 -177.8094584286065 1
8.720484188941782 -161.60996886517376 1
46.65480100986122 -181.4787492905313 1
57.06295458600107 -190.70339842450966 1
61.606858953433516 -164.61836434120403 1
32.52909329866833 -167.8433894970405 1
51.930010605283826 -190.74771704273945 1
60.61312308333743 -162.8456506063731 1
32.19672457251801 -186.47451051916056 1
22.227637372236245 -152.83324774396465 1
26.961863460652808 -137.0752105266307 1
2.3423123879790637 -128.93978896598827 1
27.227461318983785 -150.37195165589048 1
29.48512965641021 -158.19150975857133 1
76.56549304091237 -161.92297814367203 1
89.9581781766667 -177.9691612556827 1
81.42069002196911 -175.86729596624718 1
80.74206920985506 -174.62378950143528 1
66.39814237514946 -183.27533089555186 1
76.72580885093186 -174.97250006034488 1
78.99534900104231 -190.38125792586897 1
90.15128934687124 -170.41069590967675 1
110.29033080845949 -191.87088909596747 1
123.79539286238816 -182.72768308665349 1
123.3150699718538 -189.08183106398678 1
98.45716288914747 -176.92082393026863 1
123.36947568763378 -163.98853316010462 1
97.12800033654867 -186.19312251949447 1
103.14143001329535 -173.9248228889159 1
107.59341643764355 -176.06106695530565 1
108.12777748266592 -181.66447653904982 1
120.5035411536831 -172.99383660141922 1
83.16111161511179 -130.81988282344219 1
92.31598544510666 -146.02361929358625 1
67.17322013910143 -157.6819151700497 1
75.73799053824649 -157.7666540366082 1
94.61442706316723 -149.7147934595837 1
64.57100381296493 -153.27031495659185 1
78.7075717076313 -131.48088233592898 1
88.87619340238479 -136.94443511946258 1
143.6821262431286 -184.15707352124952 1
156.65899927131022 -185.01781727351238 1
139.161189755823 -166.4758571755164 1
154.2187658244345 -186.3295162963418 1
152.32017691722245 -176.09137366788298 1
141.92902549322332 -189.84702725591268 1
142.1584706342635 -168.1923065449064 1
147.75517066786597 -167.6156154214001 1
138.0001901722519 -183.90103964032278 1
164.25474278787732 -166.80260942569606 1
180.97021395962713 -180.54972289113311 1
189.67844614643082 -190.6946646887497 1
179.75626998527042 -170.65903887263488 1
143.37209337834338 -159.08836104961586 1
138.6373618751868 -156.23224029000113 1
143.21280988665552 -152.42512480449568 1
156.21054536832963 -132.48202502106403 1
140.27036154038944 -134.5819593367495 1
150.0338771287715 -146.90443758194846 1
149.95360340530664 -150.85521110882377 1
147.91956429647541 -143.02852024919156 1
183.3084049144224 -148.5755232615203 1
161.78911270890057 -146.76511536444326 1
172.87775948059914 -134.64652044928982 1
0.5642621002692749 -121.718979790876 1
24.536828254277566 -109.35670471118334 1
26.98539795188543 -119.81074953106946 1
2.497987730560112 -116.3670105931443 1
6.5656684173033 -118.38643943924353 1
27.63958082759501 -117.82233424928421 1
26.2628462089055 -116.40037722564341 1
27.35652302350769 -126.962752950972 1
27.6229225561313 -117.25372567162879 1
32.26896565571138 -117.29536656843698 1
42.85904961860507 -103.4151815145903 1
38.65180647136884 -110.84119880387772 1
62.13619856678753 -108.66369504738606 1
32.399140474991384 -111.23432643337748 1
59.792015530888364 -125.37177240797286 1
33.99219803002711 -111.97451547582278 1
56.415083219252494 -122.07311580792106 1
42.253384552847024 -120.34335798587398 1
95.41097220898843 -105.7317644081271 1
77.80101589383946 -118.01462061808928 1
64.1394666506834 -105.00158561470744 1
81.19579485867513 -103.72304989303319 1
88.88684673423836 -115.6966461894915 1
92.67361914618397 -108.57641061176929 1
69.53970528198408 -125.68813796205836 1
82.74351387362384 -111.16261791188754 1
95.74916949201224 -122.72209390425172 1
67.09380770234452 -109.52191706121204 1
114.46901099692184 -113.6244737450142 1
101.21756497940811 -112.17763446526783 1
116.42328048438077 -113.39014487530898 1
118.83318626317617 -96.95673058412586 1
103.79386080276385 -118.10106643002308 1
127.69514302473453 -71.75903179095917 1
104.24075020818128 -67.60835069705695 1
126.11093315665539 -89.97229947727993 1
121.43899600809169 -85.54613768231928 1
106.072484175412 -64.41181257451609 1
116.91034347506638 -53.2322904050568 1
106.80085605984021 -35.27603164098031 1
103.1782446577426 -50.05928980938182 1
124.1310339565211 -34.64490473790204 1
105.69235197989917 -39.4400986582566 1
121.74719686627856 -60.395711559610504 1
119.61107603768124 -55.82474238880883 1
121.36804695870416 -60.88509957346838 1
119.2804897849444 -2.5988042093859463 1
103.16859072904646 -31.885938395869914 1
111.44112292207268 -2.413104034384844 1
119.84895707852934 -26.22896772954448 1
111.6923448225902 -5.721215762175007 1
139.2923304651215 -106.19518339790073 1
131.1855360774374 -104.0834710260325 1
144.54829866279664 -117.27095333356056 1
156.9430490378785 -108.37199249947986 1
134.86329694773417 -96.89750546040307 1
153.7631157592133 -123.30995314790147 1
181.82757443018255 -119.95845938748272 1
179.19965012203755 -123.07521347966724 1
179.9933946879633 -115.39705539776935 1
180.36333744248066 -105.46066570810785 1
180.82009940082997 -99.53536507418698 1
178.7552525167643 -122.12238581942654 1
161.15209368633373 -116.05242855589142 1
181.3373007475434 -126.82270121093933 1
169.43591380024037 -110.03917217496803 1
129.18356779939887 -92.01906356242336 1
138.99865639576075 -64.51905389908637 1
138.9340175222223 -75.31040236271025 1
145.542098304612 -68.98188405731923 1
144.00402964583782 -68.2214259022673 1
178.97770225588624 -92.18487088151073 1
187.09755522095145 -94.54195197182378 1
185.85546245855608 -84.68480838872313 1
176.0570470433055 -87.47261069706173 1
172.8040100869241 -88.43733559703554 1
189.5608717743287 -78.95624286224802 1
132.4788195033845 -57.39154139670171 1
153.80996785317103 -36.25894800090168 1
134.265416665774 -48.234310429177526 1
152.80768285628983 -54.5566285623633 1
147.52075592330215 -32.043885475177206 1
167.59795289401097 -38.13074730884688 1
176.46008897226744 -40.3813965492875 1
178.53549705973262 -38.62948065969408 1
173.1192920591866 -59.06630553964908 1
178.72047654586646 -34.97991297981264 1
173.73362399191922 -53.36157487265001 1
189.5806885544594 -60.468640579615226 1
136.57798682550492 -22.796150729860813 1
143.8606082789404 -4.66765288638652 1
135.60447668996022 -26.002617629866847 1
156.61050677341177 -1.493436987118912 1
132.92162565565098 -3.0436804968744013 1
144.18791562963452 -18.28045847060571 1
154.44378187210322 -12.054611010950396 1
136.80534838625135 -11.207635923932969 1
147.5276634154548 -8.219160025461406 1
168.20674784385926 -22.787176005820356 1
184.52368994845187 -25.57589220070679 1
180.80411792373803 -30.128680923160744 1
178.92209334162607 -6.646193187588608 1
-200.2097054896861 5.853932377335752 1
-201.3067211450783 12.378264032072423 1
-202.01792716208195 25.95260018418014 1
-197.56810715229665 7.689987488847066 1
-196.7486388544428 30.227016349585256 1
-192.10687202715286 60.57397856783513 1
-195.27041975090498 39.05718749299945 1
-201.86860375716225 58.45281780544008 1
-201.97428436304688 42.059873941689546 1
-199.04508586297743 58.79998369874221 1
-198.03748600369892 63.44003548305233 1
-184.74560783428558 23.005068941278694 1
-182.81385720388892 23.09061683708336 1
-187.39926088051243 4.852055680571198 1
-170.40154096503255 31.245911910097902 1
-191.9825951782778 9.204751160733338 1
-185.44612143157087 13.069342286085373 1
-183.39163205427803 21.916712177264912 1
-167.97569687710967 56.37242313422206 1
-166.31271781578062 63.85189693753114 1
-173.9764423149942 43.9892619722815 1
-180.512449320806 59.11364371934326 1
-162.83237521931864 52.74827068898014 1
-176.29887167270067 47.07755400419876 1
-183.7088933030825 47.78463563760141 1
-136.95494381811153 34.17292830850022 1
-132.64276624987826 57.86965052767471 1
-152.7643642243803 55.00126382647238 1
-159.74362417905542 53.47647516596868 1
-153.383595324103 35.87660452464934 1
-141.27753779889082 57.22642405634002 1
-140.66207722589485 51.657942034009636 1
-151.55380635070526 55.715342414394456 1
-139.68157143224266 33.34679509688141 1
-135.03553616988182 60.72957137743629 1
-163.87752339539122 89.72487233171302 1
-172.48659779303415 87.31071730508688 1
-174.91097281466404 79.15365028935014 1
-171.44438364396103 78.7371417383028 1
-161.4350878721691 65.23065829061875 1
-135.05034777843537 92.03717165816062 1
-134.14307624290996 64.86197795214281 1
-140.45545400372674 68.92023274294496 1
-151.35349437655015 69.01784831221198 1
-149.8181589117379 86.35761034944159 1
-155.90671220308423 70.76939602106927 1
-141.62121292548545 84.25369853083373 1
-130.77474033472117 91.50425932954403 1
-134.21490751691073 82.77375062707824 1
-136.26056175273817 84.8226905144603 1
-175.67582455843535 97.7051311332375 1
-186.0931445683894 103.41535670868649 1
-167.73602137056554 96.65559397608195 1
-185.75125646332123 111.8891907728393 1
-177.62769992385233 118.49295104700929 1
-188.43468353288677 110.2751128524078 1
-163.41359449487993 123.81681785989196 1
-174.15469359385736 104.77964286907286 1
-155.3644863380514 121.07271302816719 1
-137.6792117709802 119.93940921104263 1
-132.02346199359448 124.04826101931894 1
-157.43994708976714 108.9522509199407 1
-145.95878207729396 120.01765770925834 1
-146.24453671468558 123.80971851570547 1
-157.66497166272637 104.57424394667981 1
-157.116826524683 111.59090667925949 1
-136.10189169095725 103.46200762579178 1
-153.52707877656843 103.99191022744225 1
-124.2455081603461 65.1189704336216 1
-118.00248812776852 73.34834136512148 1
-123.65659513807014 69.05428408121526 1
-119.36140361802836 65.32041099847481 1
-118.7421385460139 66.90538285904512 1
-113.0307686815504 86.59149466312238 1
-109.07408958971138 105.38319822768153 1
-102.72677217446255 99.82070180056786 1
-106.00057419211231 109.60338606998522 1
-106.82506188751893 107.1163814716694 1
-126.7834203022241 101.00696505022728 1
-108.37809794530523 118.61814107717845 1
-122.37356990932722 98.9967460596946 1
-125.34738724424568 102.1962959871795 1
-70.18879312556703 117.51910328445689 1
-89.80103589424601 103.04366840731399 1
-88.39417107235664 115.13757206122528 1
-64.5138194200726 126.7605703645009 1
-76.18161520185606 114.68918301512832 1
-76.04192509758548 119.12531061802622 1
-33.1472637853758 116.83063792030373 1
-42.05238080211103 104.7742398646717 1
-55.379050899222364 116.24420721365709 1
-49.7660542662461 109.5445882885158 1
-56.37929332858573 121.67240991858927 1
-55.648194620895254 121.81885120917349 1
-19.631762014807407 126.26249726381894 1
-28.167940393315632 125.0647329003437 1
-13.79074825940154 113.0642450111647 1
-17.29972359965427 106.53919393810651 1
-21.723272517558883 106.69501658890232 1
-26.885047744575218 105.01844336729329 1
-160.28500038074975 147.73374188231713 1
-190.69287559688962 144.09607691598592 1
-183.0758425984236 153.1203294175766 1
-182.58096568931234 136.79704463025053 1
-165.22590267035855 130.47210224965335 1
-183.49116417474227 138.38942808048995 1
-128.5886832230155 154.1575321463498 1
-141.80132999265413 140.0594325203828 1
-155.12548286458474 153.97487011673314 1
-134.32821488409337 158.71858526134753 1
-132.3031717173393 152.60890663850472 1
-145.2942814864855 156.91358692663812 1
-149.50981679240186 149.90870180932473 1
-133.2240975304466 148.77580423254614 1
-128.9861114514755 130.8858943628881 1
-132.7380380672148 181.23242522111417 1
-154.10954066570702 182.18617571959965 1
-139.7576640051529 163.46263323262224 1
-146.9432131257709 191.9452965529461 1
-113.79971811199584 143.40039111173303 1
-123.56600180908481 131.5257434576314 1
-120.53666948029098 134.6275932123424 1
-119.05405580792842 159.08112418133283 1
-104.54470375311519 156.95979948631236 1
-116.97796352386217 142.94323360293726 1
-95.10859509573993 145.69360264507526 1
-81.77132328247802 129.19617272199986 1
-71.96763754249025 153.67828758254404 1
-78.98430877816327 151.25717541956863 1
-88.06111916801973 144.34073204818924 1
-67.40874202365666 133.78950601685722 1
-97.23955353323299 183.78605225565832 1
-115.64390491228335 185.22454604016764 1
-114.85189230635945 161.76431682816377 1
-103.70150724496432 167.40266597451233 1
-110.28777269811275 160.30211773386173 1
-107.89993950948985 185.26825140573987 1
-78.34905440555929 165.20414810726163 1
-89.02452541779894 188.8795338576753 1
-92.12777410891738 189.44171520206902 1
-50.08157018448679 139.72135168662084 1
-38.36154202962274 159.2791532295558 1
-40.635841436877115 155.4601009845813 1
-44.81241771091669 156.00909631922326 1
-33.556256039311904 133.2758134313376 1
-41.90961356807901 128.18338718427822 1
-56.29513868938892 132.6561520114941 1
-40.7300754758794 159.32996143877102 1
-12.01584129650712 130.03896106126257 1
-23.158873785903722 141.24426812835264 1
-7.381559448503367 151.26419470370348 1
-16.872788979310485 134.63204793384625 1
-19.34122588962083 158.89515379127147 1
-63.1750730533667 161.47208092149316 1
-63.2218194386474 178.75947538017152 1
-33.579488316682045 161.33804544597018 1
-54.12124420407656 185.93672669759644 1
-60.55996736409509 186.80677507614837 1
-53.40969130134977 185.68048645425984 1
-45.32424693828932 165.406457635707 1
-25.184655442545363 169.34938564027658 1
-18.93129161375498 175.69706194442244 1
-15.714461327332515 165.54967515476864 1
-13.314020658404218 187.9449829632768 1
-19.170512814115853 163.65913406909647 1
-15.626057314940851 173.25661648020315 1
-22.36317134137613 169.909526419975 1
-25.466052754555903 190.8725436181619 1
-26.97321606974822 190.6254783817909 1
21.622084621185024 103.57744637022131 1
20.034371262359116 104.0595540775351 1
4.572718082353333 111.30830678933683 1
25.244587375149536 127.77426589674138 1
7.291591079459067 122.43171949597235 1
51.093538482361794 109.12510429034228 1
61.885614008385744 109.98756808341375 1
39.608795324311586 127.96244684033832 1
49.55793788570395 119.20077831840621 1
48.112042860400095 103.43147360427696 1
34.6963483578528 127.35964582902415 1
46.120593898452455 111.41429707236085 1
62.28079390816373 103.10686432707519 1
114.0297277206177 91.87771223655903 1
109.74450050394609 82.45389220782619 1
125.21812919633732 87.08453059737991 1
105.23883348429456 92.33311977421965 1
102.53200149339654 94.24949552840098 1
109.44395512667836 88.15591482331087 1
126.31335498314894 83.31642115493082 1
111.70980281396731 85.13227745307523 1
91.59179228811985 126.36797974818376 1
80.32901707410804 110.58219542712465 1
75.43774124601498 113.7997201746461 1
71.18096716084386 107.42397663111217 1
77.9555833520194 119.94301616207184 1
89.25295802697207 113.57270122362166 1
70.12559963422217 111.54881558521254 1
73.15252243153697 119.4633460811176 1
88.75517345926102 109.07909529108667 1
71.08639605451634 122.72582765435641 1
140.05394983796083 28.93617410058971 1
159.82015113130427 27.516703778664578 1
134.8292489834347 21.84969840978789 1
147.68456303298893 16.845820616116725 1
150.11042709844838 10.55092247645291 1
142.1500822104091 25.939054631325405 1
155.0431647487091 15.91316039234249 1
150.6495009541876 19.269877808067918 1
176.514588538584 1.4557523501477476 1
177.69818498124044 26.10964282929632 1
189.16944083804032 24.696207969788134 1
183.31651728560962 9.550847033257924 1
160.6934920400647 29.458969857512557 1
168.1774268770369 24.926637327555852 1
139.15660046446294 42.06842020341742 1
147.72743593435354 35.71626663143985 1
153.58475159644695 47.08395510175518 1
152.88708536170628 42.99325522364461 1
136.09258767264714 53.44421052745628 1
141.394084556743 52.40354678476041 1
131.86020497296892 53.15210800429969 1
156.61160511095613 52.85862264430608 1
128.69026933707323 34.98540018600971 1
167.69541725307022 51.405649779227474 1
172.70416211340512 47.613975204567964 1
177.6140917332806 45.87387420130244 1
188.55562338237348 50.905778448246735 1
166.7498498909241 39.6254636597003 1
177.06258211325223 51.326556537515785 1
167.8193003489681 36.55913835804529 1
185.61241147808772 63.49223309590235 1
186.69707390293297 48.34531294521844 1
130.61571425149288 73.20980997340416 1
142.94150008818673 71.00779514821284 1
133.21135608341973 88.55544529341086 1
151.59841743313262 76.95245903025165 1
140.88280864967777 94.4943659858202 1
157.4688450076054 79.6831563424031 1
146.46982154699566 78.49313096468705 1
138.05009228091672 89.31683017570322 1
143.74097169676736 79.23748748345793 1
157.79861753454998 74.70306943983343 1
186.2326277269542 71.12890436106045 1
179.91521745486534 88.08000364596813 1
170.1881967900731 74.30005631791016 1
163.73524685518726 71.29660099216517 1
160.57543644517392 76.01035211835216 1
169.38884338883895 69.12298056657954 1
163.04598945743123 83.71330244791397 1
191.66365262377434 80.16748337469642 1
178.79841826856995 78.3997423815178 1
157.9049837355792 109.05961473029504 1
155.5383868342647 108.10370447551611 1
153.2340127298712 100.66500612045229 1
153.50089162828783 103.5920529181065 1
153.6674704597184 110.17161579081517 1
140.54722008242845 124.78806923524849 1
137.30884120233247 127.86036495388021 1
1.1251385578972872 148.89334143428442 1
31.48609399262716 136.52683086828046 1
10.97376314052849 143.69326033594064 1
20.87256162387331 133.1807062019688 1
20.33899092359792 138.0919102681741 1
16.395858668832147 141.68777195106384 1
11.213728713873536 135.42266534296942 1
61.229924850575 128.92791550336608 1
50.98113423776198 155.9753584358333 1
61.06834782144068 131.26405627588338 1
61.564061044934476 132.80495448450694 1
34.32245753992322 140.08987292184264 1
32.66198398202141 166.5812199446836 1
41.45834993058696 185.43838326267604 1
49.93816574041148 174.20976670006473 1
38.86293038130685 169.66402252219478 1
56.22318115496944 184.72114714699035 1
38.6478846956187 183.77836009451198 1
93.40772695332817 156.88205999881745 1
71.58251846679332 129.46965554954858 1
91.37539952570881 157.0315774524468 1
70.69577110664738 155.4716326018231 1
95.2252282146822 132.4056243002566 1
88.29829106067331 137.51181495070944 1
81.76952720971656 143.36768241297443 1
78.15787080157384 142.80241117521484 1
98.87162926776921 130.7088515979376 1
117.71583164697967 129.20366198302224 1
116.79513461510476 131.71816889695475 1
120.40844214241235 144.94199230508866 1
99.10429161170146 146.23496559339299 1
111.75622058737679 150.78542852730345 1
104.41704401116851 156.48815454464216 1
124.66649772368487 156.2053909840388 1
112.52512460663934 139.9572962013259 1
96.52490129918556 151.6793439628011 1
67.64667282574561 188.95978083570566 1
65.7957174461867 182.98413625714346 1
73.36611070272261 187.81936804154458 1
68.47825580023522 176.95964879381944 1
68.83514931644731 176.90955988186147 1
84.27036362793092 190.6164292949104 1
117.69883861754664 168.0505179231219 1
99.00318432557418 171.31026703951414 1
98.59810068173249 180.9711228711392 1
104.21129736928259 187.1738420083612 1
112.59164347427418 175.52904051789716 1
110.10232858321405 176.5779110338213 1
100.9578952457511 167.35700364596295 1
123.41435869031892 190.83670926372434 1
178.09259861579858 131.77159960430765 1
187.35417833064946 145.23927061989485 1
164.0953441448691 130.31625804902114 1
171.8816146268777 144.23717278138946 1
169.8576117171695 143.20717489934094 1
186.69290039201599 152.83970810449523 1
142.74089584359 184.3482083817434 1
155.46690770288285 180.66977246006826 1
130.21025004652057 177.59054989854218 1
153.40203621809792 163.26302638426642 1
-177.7754261249753 -176.95641213881504 1
-189.5846636738449 -187.40925330608854 1
-162.78638459142576 -185.71139369383695 1
-164.6277530164653 -189.14560914165412 1
-180.8546971715083 -167.61981398367203 1
-184.71678704603357 -165.95215286458694 1
-184.43312076821275 -163.21406200467743 1
-174.9664231094622 -174.27575716188682 1
-170.76684682457682 -167.3073030658345 1
-163.8118128951454 -175.01977982353247 1
-171.23224561579264 -175.7300264980866 1
-169.97038456387327 -172.92084995134638 1
-189.75105961850744 -153.01907751228697 1
-183.63696131706212 -157.2253496845566 1
-177.37297268394957 -157.10162887253495 1
-166.75451605532544 -154.21268970532083 1
-166.3740199942688 -151.61563644485602 1
-160.44452972494418 -153.4823862559851 1
-166.23782485841178 -148.22984592912877 1
-179.86568356095472 -131.52596747557664 1
-187.13055673914386 -134.91896163255558 1
-163.40616079969652 -129.32125461197933 1
-169.47393532064171 -142.5613151389448 1
-168.70789162657206 -130.82491786669152 1
-165.561298814794 -138.24551138984253 1
-177.79692885756447 -113.62076270189891 1
-176.7360362146357 -119.69336412159834 1
-186.9260156877118 -119.23618001622344 1
-184.15561542946438 -127.87011205694148 1
-189.16216321836134 -120.87844908575363 1
-166.4530992597941 -114.06912031551241 1
-175.36747986539075 -117.73618390788039 1
-165.56511008975332 -126.15902138184293 1
-191.44422077637137 -111.40601130066278 1
-184.18365782100466 -97.71294689278494 1
-184.68449399982995 -99.17578104512268 1
-166.47866323586828 -100.40056303254187 1
-139.83649356290908 -24.328547437179054 1
-141.36752754738978 -31.35830386868571 1
-139.39950982730744 -21.155193973900623 1
-154.47011676791692 -13.220386149200351 1
-144.2793545090152 -1.1503307639064815 1
-152.22389194911938 -15.048250558423831 1
-152.27272762245553 -5.791027549943408 1
-152.02991240535692 -13.332736295546226 1
-147.44647866920155 -4.625561141696778 1
-141.75270388901419 -6.94691819581567 1
-136.00100517952626 -8.157254956105874 1
-113.98620839141307 -85.22378364642185 1
-122.40433438766695 -82.23904759874296 1
-125.29437295955944 -88.49004985634832 1
-112.29375629760807 -86.27937173960225 1
-105.54906690573773 -92.4175776219252 1
-109.20559641968742 -83.54552393003416 1
-109.41552704087184 -89.49167166949087 1
-105.24914890542755 -80.77706592340684 1
-106.5749321694579 -89.51089011852969 1
-114.69083574280518 -65.53814473914525 1
-125.8015566858258 -75.38567661088871 1
-118.51262973408734 -65.18486926661689 1
-109.10763923396632 -65.91826402323153 1
38.16513702740389 -157.1044064472851 1
41.29081064091463 -148.97505213885017 1
46.42207952949616 -149.50300590467077 1
54.46927287596168 -157.21923611170342 1
48.81052183470814 -146.18483048163586 1
48.361033441957204 -147.66609376284464 1
60.89558754227858 -146.61231253405248 1
41.58098317956194 -130.56220168813576 1
47.56320166252101 -142.42384625964627 1
32.23787581384937 -131.31192643172284 1
56.169608275285896 -130.20648818860622 1
60.35735297826545 -133.2514448426113 1
62.094934467702046 -135.67465270504493 1
108.00059629171199 -147.00933559408645 1
104.98582258705972 -159.20008473387827 1
108.70534381702782 -159.55503817283426 1
100.29405926893861 -157.8120640692925 1
113.59527590595047 -146.34934136342065 1
118.79922750013185 -147.154438488265 1
123.28483988992679 -152.97554014088632 1
119.7545868965438 -147.42311729237923 1
99.10541572952644 -134.24298040369126 1
97.21174994383574 -140.49652807997808 1
124.1491635189509 -137.95303311669397 1
127.30486326269744 -132.96664106520393 1
-152.90082108448695 1.7029860866298918 1
-149.5278265584559 3.774830789153782 1
-155.78585891545595 11.371043847412295 1
-153.00216357517837 8.423227297300116 1
-140.36047420666046 2.4706648270474716 1
-142.27168716687936 2.8936696831760855 1
-131.40015489009812 3.219631841440105 1
-153.87103522385564 17.079621682844277 1
-155.3018349525176 29.85602545349286 1
-156.0543316493742 20.989698389965668 1
-159.2836010258028 23.240772919918868 1
-139.85075375961958 16.78713047983257 1
-143.82540262563725 22.720540140817093 1
-181.8084118880405 171.41779548902502 1
-184.8500905089241 164.2927789651689 1
-182.21288527350367 164.0411749227075 1
-184.85250693903185 168.99842271091705 1
-172.62489861023488 162.41992305110182 1
-163.9780880802229 165.62198692916843 1
-171.77886205649668 172.72073148424278 1
-183.89630637794852 184.8463556617292 1
-191.6418575861657 185.11834644795317 1
-181.38828924413167 180.59488208849638 1
-177.88382950288207 188.37097650807846 1
-174.1471005402018 187.10413997136146 1
110.00153217423735 97.28919237170453 1
105.62935270852552 101.66946709042429 1
98.00330840534156 111.3937159114256 1
103.87306768976578 98.13660047997178 1
96.47219053792259 107.57194104724005 1
113.76785373150398 99.76209151896751 1
121.69938663038897 102.85206456237694 1
100.66610074129397 119.38351811975889 1
96.35396656322848 112.03204327699115 1
100.08667492561858 126.88325520778767 1
99.04117831156879 119.28075870515983 1
121.08667294684795 118.3595742961823 1
124.96203263542446 116.78957314832365 1
123.30167947286333 126.15766842876633 1
175.02508328277344 111.22089671700951 1
163.93632575374187 106.39771302488259 1
174.42980985559353 97.18449443860948 1
164.52738886148614 105.21238513171244 1
174.50074892749257 102.48307896379089 1
188.8138494316418 103.60777189462777 1
183.4003601690776 104.67243261796017 1
163.1960340264406 119.30057805747475 1
170.3103930071356 113.94780020644879 1
178.8361899074216 117.19913107307747 1
186.8546880638546 123.87157617429199 1
184.3121756180484 121.4874667901052 1
0.5268563633548524 165.29463854204494 1
15.571814691357758 162.95078014723754 1
1.9221749223078746 172.87982601240225 1
4.59615948540187 169.65119915434565 1
16.313174037628187 160.6704976011771 1
25.475631035376523 172.4920353026966 1
31.18589882036366 163.52020175818984 1
9.128866967791907 180.6000167932928 1
3.525601129575591 188.33739764298565 1
2.5338789428589052 176.1867490209071 1
17.34443994686717 189.56329511081248 1
130.72968618392412 135.66695576299986 1
130.88091895341114 130.3763638575627 1
132.46919458185675 136.03802864885756 1
151.09556474407674 128.86844461317378 1
147.38674975455984 140.77910752116668 1
151.9722335510375 141.70313061020562 1
150.68516400089368 137.25780481804173 1
139.37824756261398 159.2858420767467 1
128.07378602698589 152.68557996797068 1
140.11049923080776 145.20896643735614 1
133.20771577858335 158.06378537499626 1
155.54208179623737 153.90779677628183 1
145.1963329434119 145.14873086233916 1
158.27818547882777 149.68223034174838 1
157.90216147506987 154.42730521219033 1
170.45576298857526 166.90644400092418 1
163.06683258347965 163.5227108316219 1
163.96805998794787 165.45705519941617 1
188.3050555818652 163.88630158980237 1
166.74124793240793 178.4679281368542 1
169.0394661743968 184.7846027369634 1
174.4148911794498 184.205250881658 1
160.51185411731404 182.64518278290365 1
170.40632294898495 186.9285826334219 1
166.515753929855 182.64763181337423 1
165.17572244237778 181.52984302274803 1
180.22444447654595 177.48647245825384 1
191.48511795843297 179.62841237837353 1
