45.308371796910365 -231.31103064505 1
44.370809248205205 -189.43166327518483 1
82.61128287556005 -208.95873220555913 1
41.80192905697868 -225.500043534198 1
98.57260833349329 -234.27427842173304 1
72.64742903503611 -165.35840373943878 1
34.208883151313216 -178.40443886179557 1
44.03385844908331 -216.65919103338356 1
-76.54984032144873 -206.55451063510495 1
-66.6476335390071 -206.8042498250321 1
-84.25330874874001 -193.559757663593 1
-14.2915601820973 -206.552454005111 1
-36.21207889377209 -211.470563803607 1
-28.20044442082829 -243.42655937484503 1
-74.74799210356096 -179.1950735232675 1
-2.8215862252355015E-14 -153.6 100000000
-63.96040476718284 -161.85502189683908 1
-27.195618300836173 -136.65980219491533 1
-39.68489114137779 -161.90930057535437 1
-37.55862829578669 -164.55932197822202 1
-9.001705725692062 -180.38293882401635 1
-62.816611589429925 -128.78095307486748 1
-27.49030084733934 -155.46299081746932 1
-47.781691155249774 -181.67463039335385 1
-34.17780328929834 -166.01504176764368 1
-254.53352819346415 -86.34016632057794 1
-241.04394362371104 -65.72750428945395 1
-195.99121497374497 -76.76535691905175 1
-164.31162981893956 -92.68943820790864 1
-170.25421538486418 -67.26528753392748 1
-229.25400133676234 -29.700067121761066 1
-211.42035760085267 -38.56899962610376 1
-242.73575196059997 -44.25051479960243 1
-228.20722357006534 -21.217251918013034 1
-176.12134414810183 -27.282807692876673 1
-189.8512579231182 -49.429855108857424 1
-162.1659516376486 -40.21278582414291 1
-177.7439604384446 -61.94657627186652 1
-130.85098726417803 -29.059618272180074 1
-88.05951947489004 -67.79453357741599 1
-95.1871156383838 -106.76591241049832 1
-85.99975101727765 -81.35025049638969 1
-102.29654267132392 -115.94387476206819 1
-31.753083441421524 -88.27536148195438 1
-31.262349813601503 -125.30579476973205 1
-16.225417141342206 -118.28491605476924 1
-36.05242959345625 -109.25083166600817 1
-34.40015868042545 -106.38246352541071 1
-60.34078194017613 -80.45266599694017 1
-127.33879524638266 -35.02125257702093 1
-98.97474692790158 -24.873611797313487 1
-85.863639789176 -54.913544793294676 1
-103.77040653044523 -45.29596804062723 1
-44.52476998656968 -61.741998782463355 1
-60.77848693955795 -5.78923758930685 1
-59.158442953444506 -18.747498089654727 1
12.09704938498436 -118.20010320660705 1
13.965733794992559 -80.66777310413264 1
53.24407242260827 -77.88552924627385 1
42.48555315612043 -67.64638716652641 1
24.35256616143488 -81.46112063291272 1
59.88926248371763 -101.52972248205106 1
53.11354877585575 -51.32701902141417 1
28.91880282055928 -61.54120130767316 1
105.6966081004166 -43.357219509284675 1
99.21617222680038 -51.69286422511746 1
74.74534033284647 -16.496641537166624 1
122.80966131635864 -15.412080114271305 1
83.62001150439869 -43.04534328879964 1
184.2708410866661 -76.21098453384315 1
141.7300668642223 -101.9461150617413 1
210.32169991503577 -92.82394942899742 1
252.66641326493288 -65.61691707817783 1
196.91312899395177 -93.63526217569802 1
153.6 -3.762114966980669E-14 100000000
129.84981614624473 -54.04006452023299 1
183.2891369184199 -51.053139460522175 1
160.94324373805273 -60.04151526854491 1
136.77359983820406 -55.43671070970282 1
165.64101008217756 -46.19402542800992 1
172.46002414099416 -33.63588177332821 1
194.00683364491738 -14.258492406769562 1
247.38344076189435 -43.99208633566468 1
-213.7649296342581 54.98083487206031 1
-201.08471793338995 21.034234198985757 1
-252.5236584695501 24.570381100655652 1
-153.6 1.8810574834903345E-14 100000000
-132.18575581570101 57.48169344303079 1
-139.01867825168043 56.32179529213465 1
-134.67292986114862 39.76584088379161 1
-149.83082067344773 33.65849012831893 1
-128.51242763657135 52.401712833177044 1
-219.35804456908878 94.19803361960123 1
-255.48497411077122 64.5008953759434 1
-241.62934766848215 88.70074556037991 1
-225.38127083037548 65.45505178789358 1
-190.0137200675384 94.65200122053926 1
-149.09441233821903 79.00465752570881 1
-163.3699108648029 64.35084081795435 1
-76.04578463349131 43.89920562732084 1
-118.02476768271546 14.035660788812038 1
-127.59102165278014 45.22661185705999 1
-122.82139628189654 12.090392048605509 1
-119.6380784899603 51.01163033966071 1
-51.601586487812 35.14023664653507 1
-53.24080104130306 21.08516530833532 1
-68.3731475206663 86.00953749741916 1
-88.19298298809986 101.36723931563097 1
-75.30791947685202 80.048058723336 1
-79.82424703052286 94.7939376971392 1
-125.67189284385572 79.8005504570728 1
-117.13824090919425 79.6902301612023 1
-73.68496719055682 76.30992259311802 1
-124.96001680142214 86.96948747837138 1
-113.01909487188269 73.84514474408724 1
-16.075779099539716 77.35226115066473 1
-6.712761508454378 95.15667698943037 1
-55.14382654970731 87.31547152915698 1
-56.48767195155034 77.60804759892403 1
-31.571554748185747 69.36587430606846 1
-29.144676141311095 104.94800198890152 1
-40.49639928499636 65.49338098389228 1
-27.298463318566064 76.32042844452906 1
-46.30543414910528 94.03620003820572 1
-53.95778268667584 80.58477202722429 1
-88.28030863683415 146.80964262511156 1
-42.30175149483108 141.3532816642495 1
-60.84581027519641 155.36259595003185 1
-39.731841225737014 176.72061520920136 1
-40.88954914909715 180.8739568437395 1
-53.82948924849023 182.22113329358262 1
-80.61526801972605 194.6228363047452 1
-76.55522315757395 205.3156658016211 1
-100.20908052083797 223.2519762470548 1
-92.77039706873796 209.39800187377227 1
-50.203383795490424 203.25242584983584 1
-29.93601512652947 234.92809500763656 1
118.72365675710489 61.140809944410535 1
101.23985164849057 26.049278612094895 1
119.24039173601875 49.08369766501477 1
104.21782935940325 49.343447736838584 1
65.8638799396569 61.078270901114934 1
92.43083665479492 61.19796885605899 1
60.18967147158031 69.87864629292574 1
59.54384207635485 75.88456860876249 1
24.339069350942907 94.84725420004042 1
53.77363482455735 100.61919645297655 1
88.76458125633519 100.34066719986492 1
64.57743183992284 84.68202601698056 1
94.93987041208027 72.81219295636481 1
121.81110002405774 65.3429249691925 1
87.9605728336856 119.67886626819177 1
117.65059386000894 66.18592015758145 1
90.24514643362471 110.39502529476749 1
89.28331301359833 127.45676316410982 1
83.42858573169019 100.10318767764153 1
128.59379185784144 55.569624375540286 1
139.63263939773435 42.86872492440915 1
169.41795296427654 40.65740856959616 1
210.48623422024593 35.38440778011153 1
227.14046459735482 52.45468258436614 1
212.04215791277636 56.89614937606984 1
228.91743743083111 18.485963367036618 1
244.14726379019942 25.325257130110458 1
251.84977068890282 11.408048489896032 1
152.84082191475602 71.45255330513379 1
161.85506960820715 84.69280644603356 1
190.03365591759825 69.72320795819081 1
155.461671847439 74.5063220579272 1
148.38535638241683 84.75187839995556 1
209.30554977182578 68.67616133151142 1
200.75036520159836 98.92415597398337 1
218.11512934832353 100.91105713703172 1
218.1754397741047 89.32522138762971 1
194.6187421369366 69.69465439149866 1
9.405287417451672E-15 153.6 100000000
53.83670483021331 164.0059261215198 1
27.84672012076669 188.09210704498378 1
3.2424879034074934 181.7164614387143 1
99.28180425242078 129.63689713467238 1
92.02707179097439 191.65763591528673 1
95.67771108494503 186.93897258285062 1
13.237328545684761 221.14800575745141 1
45.00802985562751 249.5437313513927 1
8.96179081053333 252.78739704906968 1
70.22706705919364 218.32686349676055 1
74.00340207772564 255.2521757163928 1
66.09761029411072 238.15918984195707 1
77.44661297278952 253.81698451510033 1
80.23239182807907 -111.96363130667393 1
121.08547729187421 -100.70220580163618 1
83.05669244009039 -89.87616016491424 1
75.89884632342967 -80.77259114472048 1
78.19657806779503 -70.91271879282155 1
78.57516991677073 -88.85833423112899 1
118.51115177410998 -79.20126066898251 1
101.38578785857555 -88.55639612680375 1
99.10659650680975 -94.92636297472188 1
127.75301465936252 -81.8882803096734 1
123.79437203466443 -80.31963298949523 1
