-2.8215862252355015E-14 -153.6 100000000
-120.52726354923644 -10.207553128505737 1
-185.53255780270845 -60.74915123399634 1
-110.1112696542813 -39.63102119403467 1
153.6 -3.762114966980669E-14 100000000
67.7746695315052 -31.668241759095395 1
236.77334757599795 -89.2673125732477 1
98.75792089955826 -64.81838201024715 1
195.8856333376807 -52.40403461052813 1
46.663295823306385 -207.70889618624014 1
24.515634421680545 -212.3898211260188 1
-153.6 1.8810574834903345E-14 100000000
-187.786524117053 67.40277809264876 1
-37.502486731543854 199.62450978500647 1
-153.89335152283766 63.875547400738185 1
-99.8086189079371 246.95708887298406 1
9.405287417451672E-15 153.6 100000000
57.88615657185312 75.90663857832385 1
69.08432768285138 84.64392108034605 1
76.6582432410678 92.23076423672705 1
