-170.28678844392346 -151.71871466018115 2
-259.28119868984186 -211.32458722816787 9
-152.4160112844419 -212.76636925052543 5
-264.53443997066057 -155.853881455371 4
-201.20851938034565 -228.36170323085133 4
-102.29712857426154 -277.6706838277919 4
-128.57143957114388 -268.7110992404069 10
-56.92006047787922 -192.4738042042367 3
-40.412225125201445 -199.44545218506607 1
-62.58831621234128 -219.68059205983792 5
-178.35149957210137 -107.04085942998822 5
-230.36292272518787 -89.71788604716457 4
-55.54502347390044 -34.03612558019506 3
109.68725668463406 -246.44908886970234 1
282.409977212145 -254.0122985693708 4
175.93320778201752 -204.7757389467117 10
117.38187356386356 -36.965867095069484 10
93.65385806381812 -23.147922401408266 2
138.29387219913644 -80.70791768424132 1
168.3114438394423 -49.5011896545615 3
168.65771710446484 -142.32567193785005 7
254.89728751386792 -109.18923911492439 8
197.17557871945178 -132.9691404046297 4
-186.40092798240988 55.15589448531307 9
-184.97817536272305 35.757532787812636 6
-232.3712282913546 101.05042828088853 1
-173.98199236747575 63.81859505310098 4
-116.00864519318719 22.799684609245105 9
-170.51711201815252 203.2496858754438 5
-268.94653813516254 256.6299001348448 6
-231.85294845639856 278.31357747740446 2
-146.6465110863342 237.7087142057776 6
-61.05602665241855 234.42448677881885 4
-38.51148402825743 218.02371331256825 4
-122.13852559567991 289.180841033002 9
134.1065079581561 76.85327855484599 5
38.2145639668712 63.980564791883126 6
79.482167113608 50.73491804218969 4
18.147416378917285 71.85181135437148 9
279.1875989388975 19.985691326130677 6
182.68523291608898 27.01810857615351 4
251.7633820270712 143.47262904616036 2
101.36585209145943 213.559798052855 5
12.570843624453858 146.53106879749754 5
104.4481029888612 162.87086814234522 6
149.04997091751943 190.34490348567192 1
260.94779105916166 239.88630262979098 6
280.120513610029 190.90841215761003 9
