-180.01149100300893 -124.22114795559128 7
-146.44831134802342 -124.89691759974829 5
-174.12566344615647 -119.38249432173421 2
-130.82918410570215 -94.72469273655804 5
13.303518271731775 -85.78467790008165 8
5.525146540211381 -83.81467180697462 3
1.052685729596476 -79.62377996615226 10
4.356734426566447 -80.11186671204433 5
129.86257969127672 43.63244043109199 7
135.4937448153803 41.2831354230716 8
25.268163210625005 167.58984382576426 5
5.208070876610975 163.9315856792291 10
7.44378550309267 178.39622098927265 9
11.312711044437606 161.16589280434624 5
122.53765982127538 226.5332754779505 4
123.3162089114665 223.3383233101104 4
114.80274627438735 212.3244277504894 2
118.16301802316104 225.1444565984092 4
123.97676391451807 229.4561487896799 3
-195.34108115767685 -228.83174712045354 1
-215.56829954085305 -230.08339833170237 5
-209.79572376330583 -231.0661196230044 2
-206.9243654536756 -224.6590305621637 9
-218.04432553068267 -232.19010660139253 2
-144.4774041545125 -202.84455162472062 4
-140.28941111015217 -213.20373157822672 8
-147.15309040017212 -216.03151102259494 8
-154.59998050404238 -194.2542284443207 3
-175.90169594538156 -176.9076690142768 7
-174.61387070109976 -180.40843156717835 7
-175.6188760812853 -191.43955111731225 10
-177.6338571344313 -173.5142352131731 3
-167.75572118809544 -187.75301583073423 5
-148.43534177323102 -144.2319982433395 4
-152.21312218007483 -132.43889395938413 1
-150.45731257393703 -129.17042772156952 3
-81.99116906547403 -161.34420008254415 1
-40.768009016738006 -171.19827642773635 7
-44.377989149744224 -163.56320184109165 7
-37.586706271514856 -171.75027774735406 9
-51.48375920208332 -180.19956865912087 9
-47.38339995795258 -167.7458603240288 7
-24.30516830024834 -137.30458704906818 1
-24.048728322354464 -158.4096064996781 10
-236.03842186547115 -124.81441372990201 8
-250.31573742018134 -127.50507666095086 10
-196.88241586631477 -86.92881310143702 6
-221.0274396434374 -44.84725121219486 9
-223.2501359389267 -34.62319792065591 7
-191.82391311879815 -33.68018898884105 4
-98.83956899267446 -105.88453042914972 1
-103.02041215167952 -111.56155053751206 7
-97.89091364948274 -119.09070127210487 4
-95.80747738690206 -108.39256099713401 7
-84.28335803471776 -99.28409491283571 6
-40.352558251310484 -123.19654687794838 2
-54.129484094951806 -125.89150414287468 1
-45.904879052889214 -105.82254033656642 5
-37.60739348792663 -110.8869794761597 2
7.188429706117972 -34.32859956356003 1
29.624784021394248 -3.668770430114307 1
27.696101319600302 -8.106566218544287 10
68.99786967970095 -19.676774434762365 1
68.23757332181856 -23.836284722665255 10
75.28232459156129 -9.301393158561268 4
68.45133189379004 -13.05111597579679 6
109.41481812838941 -3.958523333409005 8
101.721988215708 -15.586439889181804 3
100.48410874203029 -12.188975404044754 10
-251.13055124319425 14.97091635218436 6
-244.99682143688727 21.854137478118105 3
-248.4098532276168 24.15255203693988 5
-247.92183257431452 28.738626538297865 6
-218.5296815767232 32.60629719888965 6
-198.45316582266344 62.50479932618765 4
-195.53080581383028 55.80755844723825 4
-207.86818302785537 62.891592093685574 8
-206.73913362652598 56.13636553712024 8
-189.77943824980667 53.75863792239545 1
-218.09146409815065 98.13923717494555 4
-214.6327401021927 97.56607961656613 2
-154.3617268370155 72.46251313946141 8
-131.68672794067243 89.0261466530215 9
-128.66170830771858 90.15101850407211 7
-132.39420396421963 74.49577692963288 3
-100.22076894031562 0.4934383207996689 2
-101.80474746678823 31.156426815126736 4
-55.88179929100602 77.63453323226821 1
-35.39266560078647 89.58376586913778 3
-36.35537473936597 86.0915850465895 2
-32.000796893089046 85.77411896282001 10
-62.41273066323555 94.61108502097824 7
-210.13638149174716 167.35129856710495 4
-205.18236569391956 165.09517226818747 4
-195.04819725422152 167.2533344981655 4
-208.5564968380491 160.7205422634217 9
-221.35967537865793 175.45040540102826 10
-129.9961672631518 160.88359596344213 5
-151.05766313295499 171.93104713435304 9
-143.70674097499375 170.72059073172323 8
-139.51352164446212 171.21501005699656 7
-154.21674705603323 176.04207088668306 10
-112.07838181088823 130.94645263494056 1
-125.87871991285323 142.4727529844629 7
-23.752450555689904 133.7251163423599 5
-73.73776525505093 195.96104451449065 6
-91.69985074202958 204.36689426403655 5
-66.31732156507371 195.69116440421067 10
-34.620438981282916 195.12579043076312 9
-34.78623217095185 201.93453049802497 5
-57.26973908301079 195.30826288323664 1
-27.24102770368438 208.96853889219733 5
-12.002331226730405 205.9404853519029 9
-1.3650775430367048 197.12774837002996 1
-31.600138452141437 193.43032200193142 9
-7.339299333708823 193.01152177943754 9
16.44454610354586 45.805511707904316 3
9.814097069871934 46.761517155264414 1
16.168195652914505 42.397438326534484 5
22.07591112445482 42.54498932049103 7
108.10012575291267 4.337377986054605 8
118.45356151139742 4.612263514401377 5
105.07198012902506 30.22286779103456 3
116.89382713286977 14.050223386157768 5
30.604941205997363 86.76492917068038 9
23.49169438067264 90.78718050338614 8
100.24493340205288 85.04062063521451 4
104.93389324204026 92.79250586315203 9
102.3689292211788 73.99911070689961 5
105.44379734797695 78.02618540634228 6
140.78339823202577 88.33337351743711 4
134.42777788269103 81.27330704043021 9
145.20968821383275 92.65031397182031 4
138.62240711617773 92.33468962440361 3
129.34190166975827 111.97298782320922 3
130.72267277892428 106.1058538571005 5
150.20791496186314 105.16779118615773 6
130.28339513989613 100.57744071789176 6
85.17743648880372 132.2709170010928 1
94.02819207584588 130.98080761571902 2
90.16313711143687 146.8954786959752 10
79.37578973246889 171.83167388950017 7
88.92382875594575 173.27827120277908 3
84.09149236964561 182.91050230330842 3
84.42447588096843 174.71884332682578 4
86.71759684315356 178.64352748259216 7
135.091199097049 231.7680616140616 8
131.15473471837726 237.14557172366227 6
189.97641012874976 231.70976275462027 9
237.75277973337694 202.93670433430663 1
233.97948341088596 209.3216024418025 3
232.98700565752466 223.29923932644527 5
242.35089424827862 213.11535489452268 8
-252.42952077702233 -250.17470296026414 6
-247.98130271098955 -251.0340794419351 8
-243.62849888738333 -249.35414912540415 10
-235.8448723136592 -241.26581004748402 2
-238.14328894398892 -248.9558120685138 10
-231.75722061888422 -240.0680998323317 3
-238.44143030040584 -252.27847079042533 5
-240.50800244181818 -227.3413381977782 2
-233.4993525188492 -235.57955491227625 6
-253.91795398866316 -208.27254328511407 1
-253.6217035647976 -201.83192760938988 1
-246.32808787655722 -197.26465613574794 6
-243.0067131193868 -197.878395065059 8
-237.3677108736349 -197.49123100575923 8
-232.06849576731275 -207.8467059216701 10
-215.81452703851903 -210.32005324312877 4
-211.0339690712999 -218.7174216249291 3
-195.74441520027057 -220.60285285996417 4
-203.69916391598503 -208.84448015113605 6
-194.646423665221 -212.60318423031043 7
-209.6731951786689 -201.09925382833245 7
-212.04226731398245 -198.89440764335308 5
-210.3740875406723 -207.82154681082608 5
-194.45185237063515 -206.85005232192685 1
-193.05820405753514 -197.24745566625194 4
-194.1915728127767 -200.47991608224237 5
-207.59670413673166 -192.79264891000287 10
-187.08862325391027 -255.19388929512428 1
-175.16358705491734 -255.43454144250012 4
-177.35763026585266 -235.82590952586128 2
-189.3633985387309 -235.34344771445524 8
-171.18476167263628 -227.70145785873984 8
-162.7396574907524 -229.517850243334 1
-172.40541580835009 -233.04403539987186 4
-189.75495101252176 -220.79015824355804 5
-185.9838230010904 -211.87431784444362 9
-181.9625733220464 -211.56082605211026 9
-183.262264518272 -214.54806958511938 6
-169.93643650932842 -221.5636681164126 7
-183.59393171638573 -202.2756630936592 2
-168.6178316768586 -200.78544323704443 7
-167.75321815521255 -206.58032714652933 6
-230.51365599354 -176.88834686212522 9
-250.24424168789858 -170.37056817429232 1
-227.34621648245582 -168.04148064649064 9
-208.73142511890455 -183.66701055420282 8
-211.57960495473634 -176.74903349292435 9
-221.48608282223 -179.23195377958837 2
-213.59314749291656 -187.65265892470455 1
-223.32528098559806 -189.2724240060453 8
-205.05692321294487 -188.06719230626845 5
-206.2918589944095 -177.1868766823497 2
-215.2904049992548 -172.90778591771544 3
-209.1377194115753 -162.9624121116246 8
-220.25013761232066 -173.54792427127433 5
-205.53420792952096 -160.88403096840136 4
-204.63097560127585 -172.20082961438794 6
-244.7467102639489 -155.40594820748902 2
-233.51356978935337 -152.10718494825818 7
-224.7111685315661 -153.5617766083057 9
-237.71768539897437 -148.37562760888784 4
-234.2565734306055 -136.7833863809082 9
-229.8154585742356 -134.7152981827494 9
-229.71893360664103 -131.20412902250115 5
-220.19913966701648 -152.31704781747277 3
-212.2833099559117 -145.31561129617654 3
-192.31821173626724 -144.8123829965977 6
-207.88755015892195 -149.76521574513896 2
-200.49727882260953 -157.6578587726741 3
-194.4117549399627 -151.52831197833507 1
-223.97523712558956 -140.18795113193931 7
-220.82602261028944 -141.62331938878702 6
-207.62634482030506 -131.44758978190754 7
-155.42351896168464 -182.91072227135345 5
-156.0312886372825 -190.54421893558782 3
-148.95753057732026 -182.30660264210104 8
-154.07223568596856 -187.78579126166278 2
-156.6082014362711 -161.4216615881873 9
-152.63436989810384 -167.12235428750904 1
-142.9973298493519 -170.53201048131262 2
-137.27183018454951 -175.45410385320042 10
-140.96132697774198 -174.5314997873361 5
-143.7103619801655 -164.23965939392292 5
-181.63864060819913 -152.41261089284842 7
-177.90514605137338 -153.97896025787986 2
-166.90859309634777 -157.1788041621209 1
-174.14974516694235 -158.0489344401895 3
-165.36046672947833 -143.0794888092163 10
-163.2160447125865 -140.62624188322945 9
-85.43356279288633 -154.99626377666385 8
-81.81915535826153 -148.48963206086842 8
-88.85605352509447 -129.70136320487126 2
-89.56277916825229 -135.1611977416191 8
-93.81159101085746 -132.5918076219328 1
-85.86894754109323 -140.3498106597301 6
-72.19952725047358 -143.44759337978502 9
-72.90996640938818 -132.18365819993846 2
-77.13808579257636 -128.8264743835922 3
-67.61642201167786 -136.31330067691658 8
-20.048665943840092 -185.8619805477536 10
-17.672703354637065 -182.5241471456556 8
-20.89583825826446 -165.45796916323286 10
-27.783939406267393 -163.67928222062415 8
-22.088779985186193 -172.11912578669222 2
-22.36132758832565 -161.11107995606068 3
-42.66622267746635 -146.12953964883673 2
-45.40814079040774 -158.61465303467855 6
-58.273011738342404 -136.09030402990487 2
-49.88923968465866 -137.14504881786166 5
-45.5712108746352 -139.54445623970037 8
-33.93361211555953 -140.07474352115372 10
-219.35216527770086 -119.03837540278585 1
-221.25597204274868 -121.69763433496524 8
-212.6901990453714 -119.54735812395808 9
-207.06527593889103 -127.29235671425937 5
-204.65895330216483 -123.67357554231745 8
-220.42466343593463 -110.43503200822738 7
-215.34507169971522 -107.41591786573628 3
-204.85675692559442 -104.651353605375 2
-198.3827387745149 -97.73020760693225 8
-227.22438880083484 -56.68340331367881 7
-230.20465197598975 -49.15153868706648 6
-231.0957555011429 -57.47412462009089 9
-241.9134533585239 -41.24437513819004 9
-252.25886799038705 -39.60686648868989 10
-233.80223479517895 -45.10734766635812 10
-224.24261618537366 -40.44481038666953 10
-248.85878709689717 -28.648416814201994 10
-254.21304758558358 -28.801025990653613 7
-245.97605406624086 -18.859678555673895 7
-226.35500241296342 -18.36605089402974 6
-234.3786725862916 -25.353513556548478 7
-246.71281231773543 -15.16275536703472 2
-245.781144206117 -8.655658439037268 5
-245.60220679262983 -2.9428133084612114 8
-213.19505782946771 -25.88696607005204 8
-220.09985471345158 -26.92146272685693 8
-215.8306958390961 -27.897461608559524 6
-199.94240185353925 -5.129274351425295 3
-153.33554179671665 -53.69172708790228 1
-144.8899728542384 -57.32056895473846 1
-128.5364397998402 -54.70707078901728 2
-132.39988461284776 -52.090157047067976 10
-134.89614910517804 -48.94529668751943 3
-140.65260956828934 -56.051934963363294 2
-156.62522305962852 -42.51518733330607 5
-148.6582164062512 -41.82068741842994 5
-178.40888738291784 -30.563463363738947 6
-183.8965553116969 -29.15865849961483 9
-169.77762200741734 -21.79469041755948 1
-174.19690435620146 -26.478138784401494 10
-162.94621889494255 -21.68982073017105 7
-167.32406208486123 -25.917806574605606 10
-150.5461422062118 -22.872067472134574 9
-149.96298540662872 -19.651055765561864 5
-155.90279759958133 -20.323591965821777 1
-133.2774090520686 -30.11359666454109 8
-143.45343421545977 -16.84365602884219 8
-132.53456547541538 -21.819343779397457 6
-131.98528979662882 -26.449546925197296 7
-151.8969144605128 -14.288131797514495 2
-152.03551684268615 -7.666842795165223 9
-120.5999587042291 -83.44790959841015 2
-116.42659572945445 -84.89576946232472 7
-123.25858857254815 -86.66906835240911 1
-127.60332039338255 -64.38034408150162 3
-103.72346973019938 -78.24670750093395 3
-100.51188991164219 -67.54771978587729 1
-110.03714268366627 -70.98282464884971 4
-111.02554170940164 -67.55957203373316 4
-109.52549723533781 -78.05080875804845 6
-83.50626957767946 -85.26613230352251 6
-77.83104041874935 -86.54310128136723 1
-77.8533483606534 -91.68836103841375 4
-67.7666562211561 -80.70308748375652 4
-75.66977287224665 -88.88458615867222 2
-84.20830163706813 -66.12964379610531 10
-87.44344285759706 -64.53052700432903 9
-67.58265130704478 -74.27596694747217 1
-65.1350341818927 -64.36314725869988 9
-79.71151143098223 -68.2129133649376 8
-69.27436971364392 -66.62220136122852 9
-76.2216753615399 -67.97198511738958 10
-22.209539971016454 -117.35724540004674 8
-17.71802054671872 -117.22849123188945 2
-13.712114348996295 -120.67731457691053 1
-1.483036055618868 -126.11038010103994 9
-3.8938244411672827 -111.14229369121165 6
-0.7874935503841698 -100.42987606853063 7
-6.617023017463509 -103.3069042650124 5
-56.75014617636373 -87.80678650966371 6
-54.600444603317555 -80.6367311114663 10
-33.65460185769098 -91.27285200882801 6
-46.404355927420056 -80.1128077624495 5
-45.897500832160574 -86.13258615648334 10
-39.56149399757686 -85.14581946887972 6
-49.0896383541338 -77.39048296464654 8
-59.395929077031155 -76.07279967218187 3
-38.10798105426568 -72.35365670226963 7
-34.96846342195681 -78.17173917478664 2
-41.115807317323004 -68.07400329091291 9
-22.45914032795713 -93.2213500181619 5
-25.317870258104847 -83.84058683677904 5
-24.779247320598927 -89.42449592620699 6
-22.091987907615987 -83.72829586604814 6
-13.82180969396029 -91.7327947105727 7
-28.931077027698734 -75.43032265714413 9
-23.973627746039426 -73.04309188062359 3
-31.430934888159754 -79.4104306676195 8
-3.708473061869313 -78.65236007837353 1
-123.24019265096427 -50.682734984252875 4
-118.94544991944156 -33.068277504229684 9
-109.77840149457876 -35.3000828090382 3
-106.67301548169178 -42.0477895770552 9
-103.6445813466853 -40.89348273345945 5
-106.58299614501095 -33.87368183375668 10
-91.54141683823713 -60.34750411273757 9
-93.52149451230883 -63.06265534691414 6
-79.69048538339047 -58.85543492079728 2
-69.63282320761539 -62.378014280720436 10
-67.73908920851142 -57.04941806184689 5
-85.81188076208792 -36.316421400126444 3
-86.21204104959071 -44.50597423121553 6
-83.53888765620655 -42.12897023363581 1
-84.14360897829738 -46.9590379982331 3
-80.47816768704632 -33.349411847763974 9
-72.2206544290571 -44.26527251164936 5
-66.60463866174331 -32.1769789376163 9
-66.51499511270447 -47.13668168291804 8
-123.4989084512448 -31.927062179018492 2
-117.88877005750476 -5.041922296889027 5
-117.00695886410938 -11.188168691346675 4
-113.14932354379982 -10.382892838099394 2
-97.85049434540963 -4.492734278183605 7
-111.5539212850241 -14.224366531287615 10
-97.8423372324757 -11.978123634651695 7
-67.15502747663726 -21.884874090036874 8
-76.75349208914548 -30.906123618978768 8
-75.62514723681659 -17.44787805281419 2
-89.42917606056955 -4.87825597416446 6
-92.51634966167313 -8.908730707578059 9
-74.40886627038623 -9.093569525602163 9
-78.8978729995606 -15.68220955867372 10
-70.60835697931088 -8.791754171026753 6
-62.01154863114772 -50.035602883797424 6
-58.92379804172134 -48.36304941490545 10
-60.51679404033888 -53.29983825436051 3
-36.37641899358431 -52.015244845491225 8
-38.610689230019204 -62.841955934341456 10
-38.03097458603162 -57.91148539373546 7
-52.461896963318 -33.53490499925567 4
-51.367500061902035 -37.133151469811935 2
-55.06612540493336 -41.85222516250292 7
-55.44403351145888 -47.127575364620895 6
-40.0183690991567 -39.78132180120008 8
-36.405454278655895 -39.021207293645716 2
-32.15363177139136 -37.32934009596306 3
-30.618107144019746 -53.67011283502575 9
-21.144013232816064 -52.38873807649543 4
-31.96034369305977 -56.732428800083994 3
-15.785298163533525 -55.01620629700591 9
-1.7257363034721038 -58.121154034940844 2
-1.0937541363866217 -34.794118305532834 1
-3.11359958072552 -38.75153774636766 6
-58.79277296244027 -22.460726933259025 7
-50.5021819020501 -21.639044832518152 5
-61.64841748802951 -25.13020628416541 3
-60.19664897290653 -30.712985668525505 10
-57.02522124241773 -28.893110538292433 10
-40.394005243174945 -17.96320847711047 4
-40.59421110659508 -22.328346110685516 10
-41.070014920862945 -25.889693851487664 8
-46.65430142435554 -18.57224451168355 3
-35.50397657702001 -23.77566896653218 7
-51.40727126102138 -8.943611851507967 2
-58.32969956379975 -14.839472222367363 7
-57.07119750745511 -7.1727510315365635 1
-54.14946202627283 -15.580493234431856 3
-48.310855985296826 -12.347306940971919 4
-16.025351508397364 -25.36571805268602 6
-17.05465964320109 -28.697911674595275 3
-20.104173875705158 -21.3081336118791 6
-24.957557607320382 -19.18781252603884 6
-2.8619477859678 -29.131435519629065 7
-21.865444780269 -9.74351806747734 7
-12.310303446498835 -2.116225704508281 9
-12.005597367720668 -5.884939625419918 5
61.501190699660356 -28.452563555154256 4
43.90348638260275 -4.283079421558 6
36.8173389536538 -11.503635638962635 1
45.23004348458238 -9.985852971385214 8
41.05142741216662 -6.247204757632744 6
62.197259517725286 -13.200526918377307 8
62.28718865248368 -7.6659698075368965 6
49.312456375800764 -11.049455115143076 2
-221.46701855186052 13.138480718045287 10
-216.58798519640106 11.461191345254178 1
-192.32917797430935 12.66717095929846 5
-195.4642351035185 13.159380075509205 10
-195.64243575617337 20.628719205551022 10
-205.02327501533517 22.92659240094946 5
-200.82325641074624 30.24963680459217 9
-198.89531109927833 21.720957359619888 7
-251.01870733810665 44.39719610096529 4
-252.32523142601957 34.581049437680576 4
-243.71645245492658 36.30232278427644 6
-245.06355785760877 41.09648123742886 5
-240.39670934140048 37.02604669938921 1
-226.54272405255614 36.5253986731077 9
-228.48918649672407 45.77417710543034 1
-248.16007070543355 63.05912312175832 7
-229.29048687388467 61.66452983832812 4
-224.93593741918187 62.57388116937352 10
-233.98476662692815 62.332671677044516 6
-172.01909592892633 4.911709254835159 3
-171.8470681245342 12.090735232022098 6
-175.6191747026533 6.437832808519772 9
-181.32661683127128 19.890895959386967 2
-189.48715657495438 25.623785254966208 6
-178.6473901434058 22.13736113778873 2
-184.32666487418743 21.64914457067789 8
-156.88833213248608 41.408996760057335 5
-134.95094631114353 41.887526503748575 8
-155.08191212273204 51.77020640686351 7
-148.790007138897 55.51369078022742 10
-152.66601638203355 63.615587125682964 3
-134.76810876995432 54.501264225996294 10
-130.4884674603997 56.08936972550947 1
-241.56244365722296 74.93903460261197 7
-253.90374349333854 66.99757049133751 10
-247.2044551083588 70.74920745314171 9
-238.576035298305 70.67380824754304 5
-238.36931550706606 75.77356799980737 2
-230.24794157532938 64.78793005010056 2
-225.7528276775618 68.46918347251977 6
-233.81383568351544 68.39499321979912 8
-252.2919930957778 84.67087210869943 5
-225.81041544800428 89.09846967927615 5
-228.25821681034347 91.79120063443884 9
-228.74654877110157 87.07133063114344 3
-230.6919987920781 84.54203449097145 5
-210.17426401181262 72.66928876268071 10
-219.7229574445093 74.20084588285766 5
-217.93888881202236 66.39147836992169 3
-203.5423706329691 69.02364848490168 6
-219.87532814219531 92.03699476546512 5
-209.55089403265703 86.37828375948584 6
-202.7685020405919 87.5624163410468 3
-196.897120133741 80.31516638051204 1
-205.78916350068204 86.19975427902699 1
-242.23049892876975 103.09740145574551 5
-254.25608485156346 98.21190702987604 8
-250.16444892289002 98.46140798773234 5
-236.74221945538602 101.46100273763477 3
-238.52982246518297 97.50474078549706 9
-255.40272590289004 123.04117755346488 3
-243.24510607155332 115.65853821987378 9
-242.1195671255353 119.93548213228263 3
-238.63509595373887 118.74341958595863 4
-237.87625666222345 113.06105949547833 3
-224.64428653617068 126.49009631597892 7
-237.06891190116664 126.9279541481734 8
-229.45942991181192 115.46915000027349 1
-183.41736729576309 79.41368155839331 5
-191.0020777176017 78.2774935044065 8
-160.0505083786863 78.7793918038883 6
-170.82852467879792 74.10880058315223 10
-170.82529580940104 67.21877369369167 8
-167.3849808800673 70.91763410492428 9
-167.46090206736682 106.3570974332356 1
-173.3871071288183 105.67903470351285 3
-161.3441233006401 96.85231616386284 1
-176.62521788241037 118.223112561584 3
-182.40963658615635 113.82748181742022 5
-182.05506491354924 126.9455632430271 4
-163.93453403574 117.50236017813461 9
-158.3199390550638 106.79530722431241 9
-159.89552147723072 103.39880738146837 9
-145.11526891972858 100.41564600289553 8
-144.86694242187758 96.84092037333147 5
-138.3031873216977 101.06083973268267 5
-139.52339009617936 109.5248549977739 7
-136.85524371479983 105.33354651081669 3
-137.77676298570424 126.21285296917932 1
-131.93919360433125 113.3439700204388 1
-85.5458648267171 8.0162380513014 9
-87.98773008937235 5.180525697713961 7
-80.22393844864041 7.230972305427542 1
-66.63550504521908 1.234823761420273 5
-79.7505845731335 13.216543147969674 6
-73.86186212535927 10.210932629887168 7
-75.32053070986336 7.185180576815014 3
-84.47483921626298 22.585275444987303 3
-79.0610336626595 23.810625709302883 5
-76.9558184215615 30.384557439652212 9
-70.68501183391925 23.752600087716303 2
-65.05337579703354 19.584306779580572 2
-105.73410606252992 43.37121874637404 3
-107.2256864550186 47.91188589682429 7
-117.3105406747091 61.902848287228096 7
-123.20318020028998 61.32123950633962 2
-126.31915503388404 53.615227247243695 7
-113.18056472452366 49.911163201860234 1
-124.7442563285478 50.83524182207742 7
-98.39110174003525 55.3264917754106 4
-92.27199499002103 39.65877502732985 10
-67.87302236020702 42.0270160542421 9
-72.11811524342869 53.74674875056917 8
-65.124002506539 56.2750738334708 3
-67.52354483296648 52.142919979785745 9
-61.74939982411854 1.9989333206877404 9
-52.95623638694383 13.617419806651071 8
-38.738415912942344 6.532750467305732 1
-37.58104764319626 11.429354007644918 3
-58.447076166799036 20.824112531857168 6
-40.81940595779207 26.885404280811144 3
-47.861740867605874 30.445759861493457 6
-46.34116593842896 22.309195598412828 5
-16.389005055584505 12.185508381928287 5
-19.599400813509533 9.317464575869906 1
-26.098360066717873 1.2348921365218075 5
-29.245070476784235 0.054742673449140966 4
-0.5307351398247988 7.472041498085332 1
-1.9998650007465244 15.687226284769793 7
-7.923873420652853 5.589549751216964 10
-21.563057244677168 28.746879044516334 5
-14.976244956658263 27.086587246636725 7
-15.167544584494237 31.815859432254058 7
-49.75511920504164 37.8803972838715 9
-33.7770597384461 40.13853038972917 5
-38.97077358361889 36.53455200924179 9
-44.090474210372065 40.521143456894094 1
-55.77781109117859 49.219019734322785 5
-57.1998745783942 58.807232575175874 1
-42.91521127945083 58.824234394385314 1
-34.53625920643236 51.48763052878962 3
-38.33167864670628 62.56327021103476 7
-35.20541463947154 48.25722008006039 10
-36.28798733411577 56.85070570672286 6
-24.716993634525636 34.9495835424118 5
-18.43116848642643 43.15195113488551 1
-1.2849881844370543 33.29861371734535 1
-9.748771925009521 37.21277100524816 3
-19.391464421210515 50.869000218541146 10
-18.013438047725515 63.527501702332984 6
-11.652024223052706 53.22544774522714 6
-15.934255086469932 53.87723826406301 9
-119.49303051369117 78.85931433300021 10
-116.32140342913885 75.49129778241604 9
-125.26371841257799 76.9383200631911 1
-114.13336332783729 80.75398789893467 7
-118.67171080052628 92.65472520720789 1
-116.38519669650941 83.50685213446638 3
-96.2016330812454 80.43267354556502 4
-88.0836440753356 67.51600268326581 2
-68.36469259067763 71.87042269027415 1
-90.44998994838392 80.48820242820136 2
-86.19787885903236 82.67710144268466 5
-67.15190934098325 91.33556810256886 5
-69.99138844423504 95.29895337221296 2
-65.87766291751484 94.65668059988445 1
-112.14958661824392 104.2178152147631 8
-125.94233522734447 116.3198339083026 4
-101.41074021119812 122.52828006544394 7
-98.52631456310462 115.89580960531168 3
-107.41152232767064 119.016522802449 7
-86.56323774125212 109.59882869564848 3
-92.93244564012684 99.56009949485076 9
-67.54666428787027 104.34967928788848 2
-70.39739434872257 106.96207788976301 4
-92.45678365942337 121.66222867309904 9
-95.80117855185495 120.46655919161589 5
-88.12695084902685 120.92198258788426 7
-77.32320657307514 119.92178223608386 7
-71.28742607104118 112.28995291306825 8
-76.95402306781415 116.7404420886864 9
-67.78350244367954 118.3107778596488 6
-72.6334438304541 115.95830778004932 3
-28.661190405144396 74.72819153034533 7
-27.94186628741454 67.53736827771314 8
-21.866027695103753 84.55652115328621 8
-18.24730725655303 95.58037421295182 3
-22.010160736969624 89.49803260147002 2
-9.235828645074662 90.47936307279377 9
-59.55105827737157 100.35611197282742 4
-62.69842122725703 99.51949157776943 1
-63.16323109989622 111.38204877341832 9
-37.65020672035956 100.45638460673268 5
-35.81636230005614 104.74364449445619 5
-34.502760343201544 108.68824846278068 2
-59.96818713810927 119.3708742802512 2
-60.042609667745126 122.70729893600992 10
-50.5163086294304 120.27815705074545 4
-48.35678671225202 117.04295820758176 3
-30.784432073963444 104.2036841635362 8
-15.219682368943836 96.80554119752765 2
-6.815301553498102 105.32104491687198 10
-3.1577944918554977 104.18965595910322 7
-6.7513707390095306 101.84642680134738 6
-27.791293002256793 115.03143914515624 4
-31.181368868396135 118.45636718929649 10
-25.40771787916418 127.284753804687 6
-252.2735804396106 128.50944199225 3
-241.68464221695245 134.76422636889293 6
-233.30457009624655 140.8718430316398 6
-231.35164045238747 128.06202535680097 3
-235.680436493159 136.9673071037804 7
-235.56206022646438 130.79107107641636 10
-228.23116084716082 147.36552356136298 1
-232.8589003456064 147.117816032338 8
-242.23883237429771 175.71377435196712 5
-246.99547542547066 172.1203309451737 7
-247.3012003218373 178.31755740238032 1
-235.01084515768508 178.7631385089192 7
-231.09037108826726 182.06044943671913 6
-231.56708921328448 178.30586041321612 8
-229.72073756817412 185.2009464487458 1
-224.8589114025283 182.1598975571834 7
-184.87932477865013 136.60171769333402 2
-169.47189256829347 143.01927787895795 8
-172.6613886531158 143.376879363007 4
-175.27859489279268 133.42497781949828 5
-172.53788502030272 150.64761541925395 6
-163.01840205033693 146.04835194201303 2
-158.18607046486846 128.59246936312792 1
-152.4095294984129 131.55275956376312 9
-149.12596387769236 132.92365058424036 7
-139.2041266713407 137.41617309928205 10
-136.19464054045721 134.27945150704454 7
-139.99757406138548 129.24349753267893 1
-153.72085103512762 149.6687465699759 1
-157.6378468882865 146.20300399884866 10
-129.23192448141214 144.45520749780496 8
-129.51456948781413 153.31106555686563 7
-90.2200179756631 129.10225381426824 8
-77.69892065009765 139.89618693638238 3
-72.80384334400833 143.18616063169327 8
-119.92477883695756 164.30714248518086 10
-126.55276338757193 167.33961555191814 8
-121.62729401939902 167.98156800541005 1
-100.09679931286541 163.28020622487134 1
-103.50773838031375 166.0051463196399 10
-111.31446521137474 171.18087588903904 3
-124.49265489559514 179.38274852681656 6
-116.04953722385835 186.62515584263434 8
-127.45612376384219 185.3956988027665 5
-112.76291442563598 191.97622565456652 6
-120.42071962006867 185.66136005004608 8
-102.177699130929 185.7155080034837 5
-91.39389626930137 175.2391460415662 2
-86.47214952277574 160.65583560831203 9
-95.4253222762855 167.87487683979373 3
-87.17324039659809 174.34606851067122 9
-90.05514100214185 171.5825774581893 1
-74.280245964958 164.82760487105736 5
-72.37742767556034 160.64876059482435 10
-76.20345350605135 169.0785812724722 4
-78.88574146874618 173.07460921095452 3
-90.30428868459217 179.70930389586783 8
-87.02025884440354 179.8791027286856 5
-61.926586620580906 132.45858197707014 5
-57.06092194032152 136.2997512718394 5
-46.029673615758725 138.76528175337938 4
-38.3977493912879 132.94597145824076 2
-41.32337818333315 131.33513312150865 3
-43.15278506708523 134.09276253964998 5
-36.256129579729475 158.54577330567764 5
-37.05877305281217 153.31872005769623 10
-43.36107337538709 153.46214293621688 5
-49.43125222034968 160.55148614316983 6
-33.10526627797833 174.20602070679723 8
-36.206394390763194 175.96622500765278 6
-60.92879086467059 180.7270064953861 4
-56.207062776904195 179.73775251769382 6
-38.14632062579739 184.82423933759162 1
-20.457825000822424 161.71645236821553 9
-24.203400863082436 173.1533508412046 8
-27.20346606296158 171.79316383120988 5
-18.982187699168833 184.0380557348717 4
-21.494478923973247 186.32159884085672 5
-1.7251171153301925 179.6039253364691 10
-119.39364068585286 207.64432877011023 8
-125.8036671516985 205.82589124642163 10
-109.1363025694049 195.1298603720707 1
-105.24515619961596 193.77115542153837 10
-101.0375875634378 199.75058776889904 8
-114.06760869585469 212.17370116484386 6
-121.6137578972668 211.71230295451204 3
2.885667049512392 13.627221493911861 6
20.22591949519841 4.9804198496559025 6
26.33897295670755 0.44191601751902 8
29.82169617737503 4.722007480130117 8
5.075379438540722 21.280443451889937 8
16.00712553757495 23.612694876338082 9
18.240326332863276 19.553178354371028 1
23.829783702910106 25.262547190719545 6
36.766679415993906 10.760717251677363 6
63.15018363883064 11.217238762204659 9
56.63174516155851 15.333485965085003 4
60.72287491268622 31.965935628794057 1
63.95510587193638 25.1554625749485 6
54.28377033829145 24.162228051026034 6
53.75309340070544 32.97081602120943 1
57.40269205408373 47.45446995642885 9
47.18761424208361 49.63844066651569 3
45.87411522049172 59.50006275310386 4
35.79870178063152 58.61825137062573 10
36.81841215301853 51.950038677430484 2
52.292424843188485 53.670347392901874 7
58.1482991910363 50.93914083684831 4
56.372725467287864 57.04480525787835 7
49.00586514612047 53.092754030601895 4
59.07613390835161 63.84834371753453 4
74.86907839471519 11.119116104263924 3
68.80338573973353 12.789545091596835 7
75.95357018257675 5.849545750415018 7
91.2277830713004 3.990003091427184 2
78.92818810808103 18.89525985853561 5
68.75254948709699 24.713955405382876 2
67.53211702385943 34.4229817432705 9
87.06331779132182 43.47215666241391 10
67.24222315335118 59.79107038022812 5
77.80111130098072 59.19846537320922 6
95.22482520348342 61.857839627906344 5
93.95047938924017 53.67457964456037 7
105.14470011424078 35.9346787177368 7
98.43873330933667 36.69955681526568 10
109.59055256064835 47.452985287902095 3
109.4897689121828 38.23556821211889 5
122.7389481021118 40.590102826060445 9
104.13759934640069 49.83748079369019 5
102.76850765002712 58.66676442587442 7
100.65609016143986 48.65451031998214 7
106.7016807060391 57.18653348123769 2
105.94087267869361 54.08975996063418 8
121.04237804152939 53.57152813365502 10
32.34283855590263 77.47823726286657 7
49.18163789059804 75.63135566220421 3
49.95773124472271 68.60403789774062 1
43.45394312546739 83.64690502118657 6
46.290380888809295 88.3524812964049 8
45.964042867101455 91.57565554761254 1
49.4750298837443 80.24487912721105 3
52.976849706089695 95.6104728893053 9
44.36420401669585 104.23102941100598 7
50.75899803762957 107.52155746422204 3
57.55967394662059 100.84312743132978 1
57.95086709981422 122.71415976281628 5
55.67900993062358 116.72704645074356 7
59.56246418025671 125.90784360155328 6
68.91096785899288 70.42678875400975 6
74.96815138672588 75.41903655517365 6
92.00769192788681 68.85006569327408 2
80.23631458237901 75.95529252651335 6
84.49944159655706 68.19166961045744 3
79.450907370513 92.4513461952157 6
76.64250560521452 81.61241566113068 6
93.73512629898556 87.11271543343167 8
77.89037912120307 96.27159498632443 7
72.29624725372628 106.66492676272958 9
74.00802668663914 109.63884567442898 3
95.64018904743648 107.86441578344522 6
89.50112000701756 100.26182028100385 1
85.73495365507983 103.16399444604235 9
80.51180297118589 100.80617021535107 4
73.45446015273376 112.80914448265935 10
90.97628471015088 124.26634177933443 2
88.52439902251325 127.3361459696169 5
87.2745520201039 116.69493848162557 2
87.39809521870876 120.57856297940526 8
103.7984575431019 107.92833249142012 4
107.60739267844815 123.29144830384126 2
105.48639541687817 137.54093544121986 2
96.99879275734861 128.80513748182352 3
108.37000537865674 143.58906795476776 2
101.57514109983595 128.0679363845311 8
101.16066613260972 155.0430452237443 2
108.20871579672234 158.3549875637093 10
120.59410019454043 151.22358572669896 4
122.62099820858418 146.01208294198642 6
124.48626972785848 151.7499134853444 9
100.22418543041738 160.69273677794672 4
113.73866592491493 175.24859607174426 4
119.6302925091336 172.31700106011306 1
125.97661771372793 182.04850075062836 10
121.78047050537941 177.51753565744417 6
123.15772438316213 188.36965017699902 8
125.62731654090999 190.8042934660162 9
118.31460630114822 179.34240300114033 9
134.78684506081515 136.68147743503795 4
158.02651630704833 142.4463252228261 1
149.65926505505706 137.13410523310023 8
142.33475561949365 159.89014740575163 10
142.9274542251365 154.1779354348343 5
148.91272098898185 154.4026811496355 7
158.92524553503858 159.63998463827107 1
168.77539650236054 132.3166412640956 2
165.78413948663257 154.10454769996807 2
175.65621684809753 159.01590191855877 4
172.37325943265694 159.20375619984458 2
184.93736827651043 150.61655362167357 8
184.60664473017232 154.35766359359525 1
143.24965870939155 165.58298842519093 9
159.96733904179825 175.82724508539724 7
156.41450038158536 167.8057064114787 8
142.16495308819788 179.65637016675396 1
138.58267307222974 182.15557055495094 9
147.70177197276757 183.13083473966822 7
171.85437304930105 167.07439293245454 4
165.56794048858535 160.18504437326857 1
171.41425856444124 175.07824261392022 5
174.18843548005367 170.16806409907042 4
187.2120812443501 175.84420118239893 5
188.5598402210444 160.83788966215508 7
180.3191539978522 165.27967393546345 7
173.5436785262786 182.8303708332183 7
188.0810610006244 182.75815796578087 2
176.40064344214505 181.30180888704547 4
186.31509732976622 186.68909662131074 1
206.15412276945756 135.805721562237 9
214.92503809866713 143.38787475101998 3
204.78334631574864 155.9392884252619 10
215.0466521609656 155.2466735976637 10
215.12793803641807 158.42434061459613 1
209.67843848761163 156.69768846541336 2
226.39902094923815 141.43518493985624 1
231.34996559677558 137.27077960592794 8
253.18796598931107 135.83754941134356 10
253.7983930329811 140.41420181124937 2
245.96873940769757 134.5494046464642 8
230.67745327134952 150.93191838616673 8
233.91057062059127 154.1781717515779 5
242.04849772556986 152.2557976008668 1
240.02114641831014 155.15381971941673 6
246.56020391198547 154.85180047718262 4
254.24954316557233 157.74083382259823 6
244.326974777219 147.7987759200908 2
220.58044208786413 165.74865942683414 6
220.5702101054893 162.22984216092038 5
214.20613061652955 161.8110363860892 6
196.86322220281988 177.14090542022853 6
200.09875900338017 178.68975008292898 3
200.20937442433626 189.24749017043052 5
222.05409117128858 176.31484195812214 3
218.2628623921359 178.4547313888899 7
237.16785534929892 174.7402908383914 7
234.8551866786272 163.37278711931486 4
234.63487131328571 171.80803731360356 10
227.44247218632137 169.60014844409125 10
224.16649814270204 166.8417210698164 10
249.3124898533793 166.03019669309566 3
251.219141324026 160.02788009577756 5
242.1079822465819 177.57474958213027 9
143.72484974677718 192.32965037753547 5
131.81015291448864 218.7484461003163 1
135.97812669533528 218.82127003220143 5
132.85464106586312 222.51142458045808 7
156.23928257378356 210.98429768909762 3
145.665431383317 209.92118661345313 6
170.91403807220416 195.60285454240432 3
164.51362099178505 205.4981920217495 7
171.61270038941927 208.5104923543497 1
163.48922031614558 209.5008015026408 3
165.35681602982328 212.73450795607795 10
181.57769390880225 212.01831565703645 7
184.33163387985542 214.33255564106514 10
199.25540455252906 192.79069777217074 3
204.54614522541084 205.52478190611873 5
202.6575975907475 193.87896038780127 10
196.0245100330207 192.1195089077891 3
206.38066837196482 196.10798105110587 5
220.0138968078616 207.78453512375364 2
203.85030068708028 211.21100079985177 4
213.48769831814536 217.06590216048306 7
209.07785712661126 217.74411202663134 5
219.75563246413378 217.07523599482198 10
223.5838896575973 215.50906151651253 10
196.89237942046282 232.09405668831465 6
206.0630143544854 227.27629366148398 6
200.00580509528652 226.50720618007688 5
208.82269489805986 231.20444035774773 8
214.60943139811104 233.62729542583082 9
220.55813097441046 229.82181025830045 3
-238.04746784261903 -222.97495854077886 8
-225.4963970052304 -219.2876549761126 9
-228.6126398080936 -220.8240828151113 9
-237.53968023928627 -214.62892566434408 10
-236.4969468182327 -209.75853749510748 10
-227.42485640585238 -215.50078999390882 7
-252.98998116400577 -190.90313923650706 10
-240.34005453961407 -186.61443866520796 10
-243.4860410157163 -187.7341885095915 4
-250.749796873563 -180.66550390180112 8
-244.74542713442025 -183.2535101975747 1
-244.75686484856493 -179.93844276720915 2
-211.2491136018088 -8.551955649647027 10
-210.6782317957755 -14.78466356268865 2
-219.30585413096497 -5.504879797525405 1
-213.49973610357944 -2.938217207865762 2
-210.91037685884368 -1.0249482410110318 8
-209.881624556316 -5.50540777491733 9
-88.93473544036584 48.407843755549266 9
-92.52199090891014 50.18517655807722 5
-93.44012893564201 55.932279626105014 8
-84.28423275383744 55.04009070500496 5
-80.76326518629412 63.30790444573665 10
-83.67622791182828 58.40533667335603 7
-107.7492834257132 96.07644971397332 7
-96.99302753612358 100.89724275491886 7
-103.22575021646827 102.8558139447698 1
-109.34174093762016 108.32198148532308 10
-96.06859739188678 105.19990193172816 7
-100.42464553293388 106.25901069730622 2
-239.19419843570347 161.88536877631276 4
-235.87258599064228 162.54569787057073 5
-231.8566617746273 163.56644087646464 8
-236.8260728826931 169.0214331460457 2
-234.03028787147457 171.84608153719296 2
-239.0552424107958 174.73623203037215 2
-226.4202646708465 174.6814457911505 9
-224.02749387488296 171.2534563238048 4
-230.8012346541962 170.35928566361082 9
-64.41359388603303 147.03280285457555 8
-70.56282213469416 151.16197896012096 3
-66.86580781888733 149.3659061544413 5
-73.10966613294192 156.94695068140356 1
-65.75532445274268 156.09561873635636 6
-71.16089126583131 154.27083832291748 2
121.85836951922579 98.61248228734974 7
123.57131208617795 103.9360185541754 1
113.69241343935755 104.89615315955854 4
117.35409724507457 111.43388842477191 4
119.55996771119419 104.69431286233186 3
120.4847044269909 108.24258668925245 1
230.38030071223073 176.79688865968018 1
225.35092809799875 176.47638679910233 1
239.18735285544528 179.89038449960634 7
233.06400139907146 178.65794779064953 5
230.43160306259188 186.64910384696645 5
229.61029420069002 189.8476499235715 7
181.7690661814732 197.10714687287157 3
182.4825667565487 192.11578477019816 9
189.34492060706464 199.8869387517484 4
191.50716129012318 192.49399023185566 7
181.082842153027 204.5460478103683 3
176.92348768287104 200.08212704637117 1
184.27533786248188 207.03902950591157 9
