-167.4244821502533 10.613795802658899 1
-155.47171997798824 -198.55415261810134 2
-156.54760826383597 -221.49554031325954 4
-152.23027587367733 -199.30121626184166 5
-148.43077964598712 -9.445382674206598 1
-124.1097467282064 -2.4983291975173643 2
-127.17423452991551 -8.652153378965693 1
130.99061287380005 -198.4900894096986 6
-125.59766788426327 -195.00800876548288 9
219.14230613720235 5.305672982175167 7
224.09064185993714 1.9079073642770936 9
175.6424636696351 118.48410799075452 8
171.2568484094669 127.17741996578962 6
181.79479457063712 126.25100762540114 5
203.76987434132332 117.70892402012385 1
201.74305009148543 109.31835453648722 2
207.90831293782543 113.68364030821846 3
154.65494599895987 217.1238407310118 4
143.47328203416777 214.52387173036533 1
167.95129585462013 219.55854766527273 4
169.8102795833841 209.02006962534767 10
138.94574365610373 209.70503621253954 10
-127.43242997208591 -180.9690048198238 7
-107.22019164123986 -171.79658013402565 6
-105.70894245743523 -160.54474861308432 10
-120.32853991277676 -155.37767295124013 3
-99.43479436635823 -145.4432878311148 9
-104.78315065280015 -155.87530232807597 10
-110.35277623794161 -146.90722684429704 7
75.3884154113382 -226.78132237370136 9
83.82906250455193 -204.99831866905367 3
76.46990305386413 -206.83139928264683 8
88.8956759623893 -213.65377487550103 2
75.77135900848691 -210.19915903426232 10
117.76016254480118 -203.81444127674968 9
127.68666924372678 -201.06647951341967 5
29.947515342979273 -170.26244547959504 7
40.98801190901338 -172.66755852305806 2
49.87918501579662 -162.17376408670424 8
38.36810394418211 -170.22410077306967 2
58.50113366936972 -173.05663995580244 3
40.426280402841314 -137.0744454326558 2
36.29514218162035 -150.45666110647556 9
38.89115925380395 -155.57523823284816 5
93.6925964859571 -163.92070431970689 9
86.2144465263163 -162.04992208418577 10
98.31249673321804 -169.22172586792965 9
100.74379365562305 -183.4570577632926 9
97.9924325257303 -165.88383148307975 2
103.99595438563233 -168.91306650299362 1
99.44362078547158 -179.32556414003545 4
65.48094867356582 -155.00571423466403 4
199.4263614238722 135.8086412380028 3
219.64456966122975 154.7944900043396 4
200.08317997487723 130.71825029519243 7
216.90573992342098 157.04709139587214 3
205.91420694668642 173.64922081780054 5
204.5480473064527 179.80180949542546 3
207.85273333686348 179.08882822484054 2
233.85511777004274 184.74654421416892 4
251.06050019910742 166.05177879757974 8
224.5300250795113 187.6694749056744 5
237.07854020219014 202.99184365362555 8
251.0634327524284 198.72409881226815 4
252.70569749033922 201.42905835404787 6
239.67387363456686 196.6296826222909 10
224.27305860620174 225.23236281849063 5
200.1685581299363 -10.844640390177972 8
204.99378988394665 -0.5484732178701961 7
204.40481044934427 -9.438372794109455 7
202.27395843393475 -4.13125414891158 5
212.7596878225674 -7.691580248510661 9
208.7228935073967 -4.890025943888077 4
214.24445708817535 -11.303714419649054 7
225.42743008172556 -5.823320419765025 1
232.4621767725106 -8.522956442629493 6
224.9325934279957 -9.202676576187628 9
232.28258067955375 -11.982910843122113 1
254.7843146154799 -3.104266059659267 1
240.77814689995319 -0.17707695876561047 7
169.5606681698057 138.11144722266351 3
174.41965114843208 143.66093978995315 9
169.91845414328986 150.12048444991234 5
187.32396187374303 158.77441181705973 6
188.2747075845819 153.14354959806985 7
186.31325465255566 155.69073987430073 8
193.06306826422423 203.90858804384885 2
198.1317694842328 202.191800738501 1
217.33532776247569 196.91167481005482 1
201.53374440113657 221.0872280425528 7
200.6194821328644 216.22811970026987 4
212.36765661533934 210.79747476882852 10
216.5621141358576 221.12901972434537 3
213.42136432364862 222.15883999707773 8
199.27329279487208 224.8722455109086 3
194.24592965678153 228.5123581552583 9
203.17436703769158 224.1249189448938 8
204.08944119684395 228.2487564592596 8
194.94243873527125 246.70644641399565 7
193.72781302147854 243.427296217044 8
