119.42188088888884 -41.939450017090394 163
114.84444444444443 -40.305093590005725 180
112.95563377777779 -42.06889131489828 155
113.09037511111114 -43.208712264986616 368
119.46666666666664 -41.50901778413785 130
121.34485333333333 -41.02917180702096 7102
126.0261831111111 -40.42630140852148 317
127.49071644444444 -40.651124713947524 686
121.33570844444444 -40.98884121847195 713
125.81700266666667 -40.01471605599494 90
128.0 -35.17765103020366 323
127.07555555555552 -39.746049864209 82
122.1647217777778 -38.557306231321064 192
125.61518933333332 -32.90485850443375 110
125.67187911111108 -32.95210353404934 24636
126.0105102222222 -35.760752101333736 256
121.05864533333329 -37.68800109424751 1760
126.71670044444443 -33.952493202885876 169
121.37039644444445 -34.1647916249741 271
121.71851377777779 -37.133340238094945 45
115.73937777777775 -38.709473710904376 150
114.27025066666664 -39.026322142000026 914
115.09067377777774 -39.649240734361626 3493
116.38510933333333 -37.44642306873243 3180
118.05924977777772 -37.23822087837709 166
118.05926399999998 -37.23822087837709 4623
118.3056213333333 -38.42334405780707 140
116.38512355555554 -37.44642306873243 1897
118.08061155555549 -37.332801351926605 131
118.5740088888889 -39.514620142543976 184
113.706752 -33.88491069614611 140
112.3555555555555 -32.08734584766256 1194
