0.0 0.0 2060
30.0 -10.249998751174957 81
19.650161777777782 -14.824454766593334 278
17.77777777777777 -8.548972640351849 242
26.38927644444442 -6.208622250493107 624
16.142222222222244 -10.601629103470316 30
16.379263999999978 -5.503443045791869 1656
8.703829333333317 -7.209800799718295 87
13.80164266666668 -5.762336026600224 180
13.445063111111097 -0.5580985853329707 380
11.835733333333337 -7.051200838030923 167
9.955555555555577 -1.4222944333320982 120
12.491847111111099 -5.337145133924963 91
8.533333333333303 -7.834263179437841 189
9.998805333333337 -7.8104454144829845 374
10.4770417777778 -2.3232729108190995 667
9.97461333333331 -6.802439799961121 1102
1.9437084444444395 -14.415340142345315 1
4.666183111111081 -15.720727356559081 4
3.4394026666666946 -9.071636693598094 350
1.7241173333333109 -8.745601753665369 402
2.9575679999999807 -10.703901295048297 3
3.702883555555559 -9.259270729702223 3795
5.555071999999996 -10.521644609682568 3125
4.753137777777795 -9.402497968292039 217
4.8279751111111295 -9.198595659797434 2474
6.485788444444438 -10.672012956588645 179
4.7574613333333104 -10.203569713796924 34
4.8355555555555725 -9.12120974725724 286
10.65966933333334 -12.936272738721726 566
10.5788871111111 -15.049799122357825 293
10.983395555555546 -15.902702915294014 384
10.324536888888872 -13.183063816378763 261
11.377777777777794 -14.29498262276283 1007
12.646570666666662 -14.191721912351824 334
13.88403199999999 -13.707369496688301 231
9.654684444444456 -8.756973686147205 210
10.518428444444453 -9.776729918165358 211
8.003541333333317 -9.028248705250519 304
8.533333333333303 -9.264337951484436 646
10.669795555555538 -9.18215028558879 1566
14.429823999999996 -8.49134350008751 264
